CIRCLE 64 0.355 0.50 0.015625
#RECTANGLE CENTER 0.5 0.5 0.03125 0.03125
#PRISM CENTER 0.45 0.5 0.5 0.0625 0.0625 0.0625
#SPHERE 128 128 0.3125 0.5 0.5 0.0156

#CIRCLE 64 0.25 0.35 0.05
#CIRCLE 64 0.25 0.65 0.05
#CIRCLE 64 0.75 0.35 0.05
#CIRCLE 64 0.75 0.65 0.05
#CIRCLE 64 0.75 0.95 0.1

#NACA002D CENTER 128 15 0.5 0.5 0.3 0.2 1
#NACA003D CENTER 32 15 0.5 0.5 0.5 0.1 1 0.1 1

#NACA002D CENTER 128 15 0.5 0.5 0.3 0.2 1
#NACA003D CENTER 32 15 0.3 0.5 0.5 0.4 0.4 0.2 1
#BOX 2
#SPHERE 64 64 0.3125 0.5 0.5 0.1
#CIRCLE 64 0.5 0.5 0.1
