vector InterpM2D 256 1.000000000000000 -0.000000000000000 0.000000000000000 0.000000000000000 0.000000000000000 0.000000000000000 0.000000000000000 0.000000000000000 0.000000000000000 0.000000000000000 0.000000000000000 0.000000000000000 0.000000000000000 0.000000000000000 0.000000000000000 0.000000000000000 
-5.500000000000000 9.000000000000000 -4.500000000000000 1.000000000000000 0.000000000000000 0.000000000000000 0.000000000000000 0.000000000000000 0.000000000000000 0.000000000000000 0.000000000000000 0.000000000000000 0.000000000000000 0.000000000000000 0.000000000000000 0.000000000000000 
9.000000000000000 -22.500000000000000 18.000000000000000 -4.500000000000000 0.000000000000000 -0.000000000000000 0.000000000000000 0.000000000000000 0.000000000000000 0.000000000000000 0.000000000000000 0.000000000000000 0.000000000000000 0.000000000000000 0.000000000000000 0.000000000000000 
-4.500000000000000 13.500000000000000 -13.500000000000000 4.500000000000000 0.000000000000000 0.000000000000000 0.000000000000000 0.000000000000000 0.000000000000000 0.000000000000000 0.000000000000000 0.000000000000000 0.000000000000000 0.000000000000000 0.000000000000000 -0.000000000000000 
-5.500000000000000 0.000000000000000 0.000000000000000 0.000000000000000 9.000000000000000 0.000000000000000 0.000000000000000 0.000000000000000 -4.500000000000000 0.000000000000000 0.000000000000000 0.000000000000000 1.000000000000000 0.000000000000000 0.000000000000000 0.000000000000000 
30.250000000000000 -49.500000000000000 24.750000000000000 -5.500000000000000 -49.500000000000000 81.000000000000000 -40.500000000000000 9.000000000000000 24.750000000000000 -40.500000000000000 20.250000000000000 -4.500000000000000 -5.500000000000000 9.000000000000000 -4.500000000000000 1.000000000000000 
-49.500000000000000 123.750000000000000 -99.000000000000000 24.750000000000000 81.000000000000000 -202.500000000000000 162.000000000000000 -40.500000000000000 -40.500000000000000 101.250000000000000 -81.000000000000000 20.250000000000000 9.000000000000000 -22.500000000000000 18.000000000000000 -4.500000000000000 
24.750000000000000 -74.250000000000000 74.250000000000000 -24.750000000000000 -40.500000000000000 121.500000000000000 -121.500000000000000 40.500000000000000 20.250000000000000 -60.750000000000000 60.750000000000000 -20.250000000000000 -4.500000000000000 13.500000000000000 -13.500000000000000 4.500000000000000 
9.000000000000000 0.000000000000000 0.000000000000000 0.000000000000000 -22.500000000000000 -0.000000000000000 0.000000000000000 0.000000000000000 18.000000000000000 0.000000000000000 0.000000000000000 0.000000000000000 -4.500000000000000 0.000000000000000 0.000000000000000 0.000000000000000 
-49.500000000000000 81.000000000000000 -40.500000000000000 9.000000000000000 123.750000000000000 -202.500000000000000 101.250000000000000 -22.500000000000000 -99.000000000000000 162.000000000000000 -81.000000000000000 18.000000000000000 24.750000000000000 -40.500000000000000 20.250000000000000 -4.500000000000000 
81.000000000000000 -202.500000000000000 162.000000000000000 -40.500000000000000 -202.500000000000000 506.250000000000000 -405.000000000000000 101.250000000000000 162.000000000000000 -405.000000000000000 324.000000000000000 -81.000000000000000 -40.500000000000000 101.250000000000000 -81.000000000000000 20.250000000000000 
-40.500000000000000 121.500000000000000 -121.500000000000000 40.500000000000000 101.250000000000000 -303.750000000000000 303.750000000000000 -101.250000000000000 -81.000000000000000 243.000000000000000 -243.000000000000000 81.000000000000000 20.250000000000000 -60.750000000000000 60.750000000000000 -20.250000000000000 
-4.500000000000000 0.000000000000000 0.000000000000000 0.000000000000000 13.500000000000000 -0.000000000000000 0.000000000000000 0.000000000000000 -13.500000000000000 0.000000000000000 0.000000000000000 0.000000000000000 4.500000000000000 0.000000000000000 0.000000000000000 0.000000000000000 
24.750000000000000 -40.500000000000000 20.250000000000000 -4.500000000000000 -74.250000000000000 121.500000000000000 -60.750000000000000 13.500000000000000 74.250000000000000 -121.500000000000000 60.750000000000000 -13.500000000000000 -24.750000000000000 40.500000000000000 -20.250000000000000 4.500000000000000 
-40.500000000000000 101.250000000000000 -81.000000000000000 20.250000000000000 121.500000000000000 -303.750000000000000 243.000000000000000 -60.750000000000000 -121.500000000000000 303.750000000000000 -243.000000000000000 60.750000000000000 40.500000000000000 -101.250000000000000 81.000000000000000 -20.250000000000000 
20.250000000000000 -60.750000000000000 60.750000000000000 -20.250000000000000 -60.750000000000000 182.250000000000000 -182.250000000000000 60.750000000000000 60.750000000000000 -182.250000000000000 182.250000000000000 -60.750000000000000 -20.250000000000000 60.750000000000000 -60.750000000000000 20.250000000000000 

vector InterpM3D 4096 1.000000000000000 0.000000000000000 0.000000000000000 0.000000000000000 0.000000000000000 0.000000000000000 0.000000000000000 0.000000000000000 0.000000000000000 0.000000000000000 0.000000000000000 0.000000000000000 0.000000000000000 0.000000000000000 0.000000000000000 0.000000000000000 0.000000000000000 0.000000000000000 0.000000000000000 0.000000000000000 0.000000000000000 0.000000000000000 0.000000000000000 0.000000000000000 0.000000000000000 0.000000000000000 0.000000000000000 0.000000000000000 0.000000000000000 -0.000000000000000 0.000000000000000 0.000000000000000 0.000000000000000 0.000000000000000 0.000000000000000 0.000000000000000 0.000000000000000 0.000000000000000 0.000000000000000 0.000000000000000 0.000000000000000 0.000000000000000 0.000000000000000 0.000000000000000 0.000000000000000 0.000000000000000 0.000000000000000 0.000000000000000 0.000000000000000 0.000000000000000 0.000000000000000 0.000000000000000 0.000000000000000 0.000000000000000 0.000000000000000 0.000000000000000 0.000000000000000 0.000000000000000 0.000000000000000 0.000000000000000 0.000000000000000 0.000000000000000 0.000000000000000 0.000000000000000 
-5.500000000000000 9.000000000000000 -4.500000000000000 1.000000000000000 0.000000000000000 0.000000000000000 0.000000000000000 0.000000000000000 0.000000000000000 0.000000000000000 0.000000000000000 0.000000000000000 0.000000000000000 0.000000000000000 0.000000000000000 0.000000000000000 0.000000000000000 0.000000000000000 0.000000000000000 0.000000000000000 0.000000000000000 0.000000000000000 0.000000000000000 0.000000000000000 0.000000000000000 0.000000000000000 0.000000000000000 0.000000000000000 0.000000000000000 -0.000000000000000 0.000000000000000 0.000000000000000 0.000000000000000 0.000000000000000 0.000000000000000 0.000000000000000 0.000000000000000 0.000000000000000 0.000000000000000 0.000000000000000 0.000000000000000 0.000000000000000 0.000000000000000 0.000000000000000 0.000000000000000 0.000000000000000 0.000000000000000 0.000000000000000 0.000000000000000 0.000000000000000 0.000000000000000 0.000000000000000 0.000000000000000 0.000000000000000 0.000000000000000 0.000000000000000 0.000000000000000 0.000000000000000 0.000000000000000 0.000000000000000 0.000000000000000 0.000000000000000 0.000000000000000 0.000000000000000 
9.000000000000000 -22.500000000000000 18.000000000000000 -4.500000000000000 0.000000000000000 0.000000000000000 0.000000000000000 0.000000000000000 0.000000000000000 0.000000000000000 0.000000000000000 0.000000000000000 0.000000000000000 0.000000000000000 0.000000000000000 0.000000000000000 0.000000000000000 0.000000000000000 0.000000000000000 0.000000000000000 0.000000000000000 0.000000000000000 0.000000000000000 0.000000000000000 0.000000000000000 -0.000000000000000 0.000000000000000 0.000000000000000 0.000000000000000 -0.000000000000000 0.000000000000000 0.000000000000000 0.000000000000000 0.000000000000000 0.000000000000000 0.000000000000000 0.000000000000000 0.000000000000000 0.000000000000000 0.000000000000000 0.000000000000000 0.000000000000000 -0.000000000000000 0.000000000000000 0.000000000000000 0.000000000000000 0.000000000000000 0.000000000000000 0.000000000000000 0.000000000000000 0.000000000000000 0.000000000000000 0.000000000000000 0.000000000000000 0.000000000000000 0.000000000000000 0.000000000000000 0.000000000000000 0.000000000000000 0.000000000000000 0.000000000000000 0.000000000000000 0.000000000000000 0.000000000000000 
-4.500000000000000 13.500000000000000 -13.500000000000000 4.500000000000000 0.000000000000000 0.000000000000000 0.000000000000000 0.000000000000000 0.000000000000000 0.000000000000000 0.000000000000000 0.000000000000000 0.000000000000000 0.000000000000000 0.000000000000000 0.000000000000000 0.000000000000000 0.000000000000000 0.000000000000000 0.000000000000000 0.000000000000000 0.000000000000000 0.000000000000000 0.000000000000000 0.000000000000000 0.000000000000000 0.000000000000000 0.000000000000000 0.000000000000000 -0.000000000000000 0.000000000000000 0.000000000000000 0.000000000000000 0.000000000000000 0.000000000000000 0.000000000000000 0.000000000000000 0.000000000000000 0.000000000000000 0.000000000000000 0.000000000000000 0.000000000000000 0.000000000000000 0.000000000000000 0.000000000000000 0.000000000000000 0.000000000000000 0.000000000000000 0.000000000000000 0.000000000000000 0.000000000000000 0.000000000000000 0.000000000000000 0.000000000000000 0.000000000000000 0.000000000000000 0.000000000000000 0.000000000000000 0.000000000000000 0.000000000000000 0.000000000000000 0.000000000000000 0.000000000000000 0.000000000000000 
-5.500000000000000 0.000000000000000 0.000000000000000 0.000000000000000 9.000000000000000 0.000000000000000 0.000000000000000 0.000000000000000 -4.500000000000000 0.000000000000000 0.000000000000000 0.000000000000000 1.000000000000000 0.000000000000000 0.000000000000000 0.000000000000000 0.000000000000000 0.000000000000000 0.000000000000000 0.000000000000000 0.000000000000000 0.000000000000000 0.000000000000000 0.000000000000000 0.000000000000000 0.000000000000000 0.000000000000000 0.000000000000000 0.000000000000000 -0.000000000000000 0.000000000000000 0.000000000000000 0.000000000000000 0.000000000000000 0.000000000000000 0.000000000000000 0.000000000000000 0.000000000000000 0.000000000000000 0.000000000000000 0.000000000000000 0.000000000000000 0.000000000000000 0.000000000000000 0.000000000000000 0.000000000000000 0.000000000000000 0.000000000000000 0.000000000000000 0.000000000000000 0.000000000000000 0.000000000000000 0.000000000000000 0.000000000000000 0.000000000000000 0.000000000000000 0.000000000000000 0.000000000000000 0.000000000000000 0.000000000000000 0.000000000000000 0.000000000000000 0.000000000000000 0.000000000000000 
30.250000000000000 -49.500000000000000 24.750000000000000 -5.500000000000000 -49.500000000000000 81.000000000000000 -40.500000000000000 9.000000000000000 24.750000000000000 -40.500000000000000 20.250000000000000 -4.500000000000000 -5.500000000000000 9.000000000000000 -4.500000000000000 1.000000000000000 0.000000000000000 0.000000000000000 0.000000000000000 0.000000000000000 0.000000000000000 0.000000000000000 0.000000000000000 0.000000000000000 0.000000000000000 0.000000000000000 0.000000000000000 0.000000000000000 0.000000000000000 -0.000000000000000 0.000000000000000 0.000000000000000 0.000000000000000 0.000000000000000 0.000000000000000 0.000000000000000 0.000000000000000 0.000000000000000 0.000000000000000 0.000000000000000 0.000000000000000 0.000000000000000 0.000000000000000 0.000000000000000 0.000000000000000 0.000000000000000 0.000000000000000 0.000000000000000 0.000000000000000 0.000000000000000 0.000000000000000 0.000000000000000 0.000000000000000 0.000000000000000 0.000000000000000 0.000000000000000 0.000000000000000 0.000000000000000 0.000000000000000 0.000000000000000 0.000000000000000 0.000000000000000 0.000000000000000 0.000000000000000 
-49.500000000000000 123.750000000000000 -99.000000000000000 24.750000000000000 81.000000000000000 -202.500000000000000 162.000000000000000 -40.500000000000000 -40.500000000000000 101.250000000000000 -81.000000000000000 20.250000000000000 9.000000000000000 -22.500000000000000 18.000000000000000 -4.500000000000000 0.000000000000000 0.000000000000000 0.000000000000000 0.000000000000000 0.000000000000000 0.000000000000000 0.000000000000000 0.000000000000000 0.000000000000000 -0.000000000000000 0.000000000000000 0.000000000000000 0.000000000000000 -0.000000000000000 0.000000000000000 0.000000000000000 0.000000000000000 0.000000000000000 0.000000000000000 0.000000000000000 0.000000000000000 0.000000000000000 0.000000000000000 0.000000000000000 0.000000000000000 0.000000000000000 -0.000000000000000 0.000000000000000 0.000000000000000 0.000000000000000 0.000000000000000 0.000000000000000 0.000000000000000 0.000000000000000 0.000000000000000 0.000000000000000 0.000000000000000 0.000000000000000 0.000000000000000 0.000000000000000 0.000000000000000 0.000000000000000 0.000000000000000 0.000000000000000 0.000000000000000 0.000000000000000 0.000000000000000 0.000000000000000 
24.750000000000000 -74.250000000000000 74.250000000000000 -24.750000000000000 -40.500000000000000 121.500000000000000 -121.500000000000000 40.500000000000000 20.250000000000000 -60.750000000000000 60.750000000000000 -20.250000000000000 -4.500000000000000 13.500000000000000 -13.500000000000000 4.500000000000000 0.000000000000000 0.000000000000000 0.000000000000000 0.000000000000000 0.000000000000000 0.000000000000000 0.000000000000000 0.000000000000000 0.000000000000000 -0.000000000000000 0.000000000000000 0.000000000000000 0.000000000000000 -0.000000000000000 0.000000000000000 0.000000000000000 0.000000000000000 0.000000000000000 0.000000000000000 0.000000000000000 0.000000000000000 0.000000000000000 0.000000000000000 0.000000000000000 0.000000000000000 0.000000000000000 -0.000000000000000 0.000000000000000 0.000000000000000 0.000000000000000 0.000000000000000 0.000000000000000 0.000000000000000 0.000000000000000 0.000000000000000 0.000000000000000 0.000000000000000 0.000000000000000 0.000000000000000 0.000000000000000 0.000000000000000 0.000000000000000 0.000000000000000 0.000000000000000 0.000000000000000 0.000000000000000 0.000000000000000 0.000000000000000 
9.000000000000000 0.000000000000000 0.000000000000000 0.000000000000000 -22.500000000000000 0.000000000000000 0.000000000000000 0.000000000000000 18.000000000000000 0.000000000000000 0.000000000000000 0.000000000000000 -4.500000000000000 0.000000000000000 0.000000000000000 0.000000000000000 0.000000000000000 0.000000000000000 0.000000000000000 0.000000000000000 0.000000000000000 0.000000000000000 0.000000000000000 0.000000000000000 0.000000000000000 -0.000000000000000 0.000000000000000 0.000000000000000 0.000000000000000 -0.000000000000000 0.000000000000000 0.000000000000000 0.000000000000000 0.000000000000000 0.000000000000000 0.000000000000000 0.000000000000000 0.000000000000000 0.000000000000000 0.000000000000000 0.000000000000000 0.000000000000000 -0.000000000000000 0.000000000000000 0.000000000000000 0.000000000000000 0.000000000000000 0.000000000000000 0.000000000000000 0.000000000000000 0.000000000000000 0.000000000000000 0.000000000000000 0.000000000000000 0.000000000000000 0.000000000000000 0.000000000000000 0.000000000000000 0.000000000000000 0.000000000000000 0.000000000000000 0.000000000000000 0.000000000000000 0.000000000000000 
-49.500000000000000 81.000000000000000 -40.500000000000000 9.000000000000000 123.750000000000000 -202.500000000000000 101.250000000000000 -22.500000000000000 -99.000000000000000 162.000000000000000 -81.000000000000000 18.000000000000000 24.750000000000000 -40.500000000000000 20.250000000000000 -4.500000000000000 0.000000000000000 0.000000000000000 0.000000000000000 0.000000000000000 0.000000000000000 0.000000000000000 0.000000000000000 0.000000000000000 0.000000000000000 -0.000000000000000 0.000000000000000 0.000000000000000 0.000000000000000 -0.000000000000000 0.000000000000000 0.000000000000000 0.000000000000000 0.000000000000000 0.000000000000000 0.000000000000000 0.000000000000000 0.000000000000000 0.000000000000000 0.000000000000000 0.000000000000000 0.000000000000000 -0.000000000000000 0.000000000000000 0.000000000000000 0.000000000000000 0.000000000000000 0.000000000000000 0.000000000000000 0.000000000000000 0.000000000000000 0.000000000000000 0.000000000000000 0.000000000000000 0.000000000000000 0.000000000000000 0.000000000000000 0.000000000000000 0.000000000000000 0.000000000000000 0.000000000000000 0.000000000000000 0.000000000000000 0.000000000000000 
81.000000000000000 -202.500000000000000 162.000000000000000 -40.500000000000000 -202.500000000000000 506.250000000000000 -405.000000000000000 101.250000000000000 162.000000000000000 -405.000000000000000 324.000000000000000 -81.000000000000000 -40.500000000000000 101.250000000000000 -81.000000000000000 20.250000000000000 0.000000000000000 0.000000000000000 0.000000000000000 0.000000000000000 0.000000000000000 0.000000000000000 0.000000000000000 0.000000000000000 0.000000000000000 0.000000000000000 0.000000000000000 0.000000000000000 0.000000000000000 -0.000000000000000 0.000000000000000 0.000000000000000 0.000000000000000 0.000000000000000 0.000000000000000 0.000000000000000 0.000000000000000 0.000000000000000 0.000000000000000 0.000000000000000 0.000000000000000 0.000000000000000 0.000000000000000 0.000000000000000 0.000000000000000 0.000000000000000 0.000000000000000 0.000000000000000 0.000000000000000 0.000000000000000 0.000000000000000 0.000000000000000 0.000000000000000 0.000000000000000 0.000000000000000 0.000000000000000 0.000000000000000 0.000000000000000 0.000000000000000 0.000000000000000 0.000000000000000 0.000000000000000 0.000000000000000 0.000000000000000 
-40.500000000000000 121.500000000000000 -121.500000000000000 40.500000000000000 101.250000000000000 -303.750000000000000 303.750000000000000 -101.250000000000000 -81.000000000000000 243.000000000000000 -243.000000000000000 81.000000000000000 20.250000000000000 -60.750000000000000 60.750000000000000 -20.250000000000000 0.000000000000000 0.000000000000000 0.000000000000000 0.000000000000000 0.000000000000000 0.000000000000000 0.000000000000000 0.000000000000000 0.000000000000000 -0.000000000000000 0.000000000000000 0.000000000000000 0.000000000000000 -0.000000000000000 0.000000000000000 0.000000000000000 0.000000000000000 0.000000000000000 0.000000000000000 0.000000000000000 0.000000000000000 0.000000000000000 0.000000000000000 0.000000000000000 0.000000000000000 0.000000000000000 -0.000000000000000 0.000000000000000 0.000000000000000 0.000000000000000 0.000000000000000 0.000000000000000 0.000000000000000 0.000000000000000 0.000000000000000 0.000000000000000 0.000000000000000 0.000000000000000 0.000000000000000 0.000000000000000 0.000000000000000 0.000000000000000 0.000000000000000 0.000000000000000 0.000000000000000 0.000000000000000 0.000000000000000 0.000000000000000 
-4.500000000000000 0.000000000000000 0.000000000000000 0.000000000000000 13.500000000000000 0.000000000000000 0.000000000000000 0.000000000000000 -13.500000000000000 0.000000000000000 0.000000000000000 0.000000000000000 4.500000000000000 0.000000000000000 0.000000000000000 0.000000000000000 0.000000000000000 0.000000000000000 0.000000000000000 0.000000000000000 0.000000000000000 0.000000000000000 0.000000000000000 0.000000000000000 0.000000000000000 0.000000000000000 0.000000000000000 0.000000000000000 0.000000000000000 -0.000000000000000 0.000000000000000 0.000000000000000 0.000000000000000 0.000000000000000 0.000000000000000 0.000000000000000 0.000000000000000 0.000000000000000 0.000000000000000 0.000000000000000 0.000000000000000 0.000000000000000 0.000000000000000 0.000000000000000 0.000000000000000 0.000000000000000 0.000000000000000 0.000000000000000 0.000000000000000 0.000000000000000 0.000000000000000 0.000000000000000 0.000000000000000 0.000000000000000 0.000000000000000 0.000000000000000 0.000000000000000 0.000000000000000 0.000000000000000 0.000000000000000 0.000000000000000 0.000000000000000 0.000000000000000 0.000000000000000 
24.750000000000000 -40.500000000000000 20.250000000000000 -4.500000000000000 -74.250000000000000 121.500000000000000 -60.750000000000000 13.500000000000000 74.250000000000000 -121.500000000000000 60.750000000000000 -13.500000000000000 -24.750000000000000 40.500000000000000 -20.250000000000000 4.500000000000000 0.000000000000000 0.000000000000000 0.000000000000000 0.000000000000000 0.000000000000000 0.000000000000000 0.000000000000000 0.000000000000000 0.000000000000000 0.000000000000000 0.000000000000000 0.000000000000000 0.000000000000000 -0.000000000000000 0.000000000000000 0.000000000000000 0.000000000000000 0.000000000000000 0.000000000000000 0.000000000000000 0.000000000000000 0.000000000000000 0.000000000000000 0.000000000000000 0.000000000000000 0.000000000000000 0.000000000000000 0.000000000000000 0.000000000000000 0.000000000000000 0.000000000000000 0.000000000000000 0.000000000000000 0.000000000000000 0.000000000000000 0.000000000000000 0.000000000000000 0.000000000000000 0.000000000000000 0.000000000000000 0.000000000000000 0.000000000000000 0.000000000000000 0.000000000000000 0.000000000000000 0.000000000000000 0.000000000000000 0.000000000000000 
-40.500000000000000 101.250000000000000 -81.000000000000000 20.250000000000000 121.500000000000000 -303.750000000000000 243.000000000000000 -60.750000000000000 -121.500000000000000 303.750000000000000 -243.000000000000000 60.750000000000000 40.500000000000000 -101.250000000000000 81.000000000000000 -20.250000000000000 0.000000000000000 0.000000000000000 0.000000000000000 0.000000000000000 0.000000000000000 0.000000000000000 0.000000000000000 0.000000000000000 0.000000000000000 -0.000000000000000 0.000000000000000 0.000000000000000 0.000000000000000 -0.000000000000000 0.000000000000000 0.000000000000000 0.000000000000000 0.000000000000000 0.000000000000000 0.000000000000000 0.000000000000000 0.000000000000000 0.000000000000000 0.000000000000000 0.000000000000000 0.000000000000000 -0.000000000000000 0.000000000000000 0.000000000000000 0.000000000000000 0.000000000000000 0.000000000000000 0.000000000000000 0.000000000000000 0.000000000000000 0.000000000000000 0.000000000000000 0.000000000000000 0.000000000000000 0.000000000000000 0.000000000000000 0.000000000000000 0.000000000000000 0.000000000000000 0.000000000000000 0.000000000000000 0.000000000000000 0.000000000000000 
20.250000000000000 -60.750000000000000 60.750000000000000 -20.250000000000000 -60.750000000000000 182.250000000000000 -182.250000000000000 60.750000000000000 60.750000000000000 -182.250000000000000 182.250000000000000 -60.750000000000000 -20.250000000000000 60.750000000000000 -60.750000000000000 20.250000000000000 0.000000000000000 0.000000000000000 0.000000000000000 0.000000000000000 0.000000000000000 0.000000000000000 0.000000000000000 0.000000000000000 0.000000000000000 0.000000000000000 0.000000000000000 0.000000000000000 0.000000000000000 -0.000000000000000 0.000000000000000 0.000000000000000 0.000000000000000 0.000000000000000 0.000000000000000 0.000000000000000 0.000000000000000 0.000000000000000 0.000000000000000 0.000000000000000 0.000000000000000 0.000000000000000 0.000000000000000 0.000000000000000 0.000000000000000 0.000000000000000 0.000000000000000 0.000000000000000 0.000000000000000 0.000000000000000 0.000000000000000 0.000000000000000 0.000000000000000 0.000000000000000 0.000000000000000 0.000000000000000 0.000000000000000 0.000000000000000 0.000000000000000 0.000000000000000 0.000000000000000 0.000000000000000 0.000000000000000 0.000000000000000 
-5.500000000000000 0.000000000000000 0.000000000000000 0.000000000000000 0.000000000000000 0.000000000000000 0.000000000000000 0.000000000000000 0.000000000000000 0.000000000000000 0.000000000000000 0.000000000000000 0.000000000000000 0.000000000000000 0.000000000000000 0.000000000000000 9.000000000000000 0.000000000000000 0.000000000000000 0.000000000000000 0.000000000000000 0.000000000000000 0.000000000000000 0.000000000000000 0.000000000000000 0.000000000000000 0.000000000000000 0.000000000000000 0.000000000000000 -0.000000000000000 0.000000000000000 0.000000000000000 -4.500000000000000 0.000000000000000 0.000000000000000 0.000000000000000 0.000000000000000 0.000000000000000 0.000000000000000 0.000000000000000 0.000000000000000 0.000000000000000 0.000000000000000 0.000000000000000 0.000000000000000 0.000000000000000 0.000000000000000 0.000000000000000 1.000000000000000 0.000000000000000 0.000000000000000 0.000000000000000 0.000000000000000 0.000000000000000 0.000000000000000 0.000000000000000 0.000000000000000 0.000000000000000 0.000000000000000 0.000000000000000 0.000000000000000 0.000000000000000 0.000000000000000 0.000000000000000 
30.250000000000000 -49.500000000000000 24.750000000000000 -5.500000000000000 0.000000000000000 0.000000000000000 0.000000000000000 0.000000000000000 0.000000000000000 0.000000000000000 0.000000000000000 0.000000000000000 0.000000000000000 0.000000000000000 0.000000000000000 0.000000000000000 -49.500000000000000 81.000000000000000 -40.500000000000000 9.000000000000000 0.000000000000000 0.000000000000000 0.000000000000000 0.000000000000000 0.000000000000000 0.000000000000000 0.000000000000000 0.000000000000000 0.000000000000000 -0.000000000000000 0.000000000000000 0.000000000000000 24.750000000000000 -40.500000000000000 20.250000000000000 -4.500000000000000 0.000000000000000 0.000000000000000 0.000000000000000 0.000000000000000 0.000000000000000 0.000000000000000 0.000000000000000 0.000000000000000 0.000000000000000 0.000000000000000 0.000000000000000 0.000000000000000 -5.500000000000000 9.000000000000000 -4.500000000000000 1.000000000000000 0.000000000000000 0.000000000000000 0.000000000000000 0.000000000000000 0.000000000000000 0.000000000000000 0.000000000000000 0.000000000000000 0.000000000000000 0.000000000000000 0.000000000000000 0.000000000000000 
-49.500000000000000 123.750000000000000 -99.000000000000000 24.750000000000000 0.000000000000000 0.000000000000000 0.000000000000000 0.000000000000000 0.000000000000000 0.000000000000000 0.000000000000000 0.000000000000000 0.000000000000000 0.000000000000000 0.000000000000000 0.000000000000000 81.000000000000000 -202.500000000000000 162.000000000000000 -40.500000000000000 0.000000000000000 0.000000000000000 0.000000000000000 0.000000000000000 0.000000000000000 -0.000000000000000 0.000000000000000 0.000000000000000 0.000000000000000 -0.000000000000000 0.000000000000000 0.000000000000000 -40.500000000000000 101.250000000000000 -81.000000000000000 20.250000000000000 0.000000000000000 0.000000000000000 0.000000000000000 0.000000000000000 0.000000000000000 0.000000000000000 -0.000000000000000 0.000000000000000 0.000000000000000 0.000000000000000 0.000000000000000 0.000000000000000 9.000000000000000 -22.500000000000000 18.000000000000000 -4.500000000000000 0.000000000000000 0.000000000000000 0.000000000000000 0.000000000000000 0.000000000000000 0.000000000000000 0.000000000000000 0.000000000000000 0.000000000000000 0.000000000000000 0.000000000000000 0.000000000000000 
24.750000000000000 -74.250000000000000 74.250000000000000 -24.750000000000000 0.000000000000000 0.000000000000000 0.000000000000000 0.000000000000000 0.000000000000000 0.000000000000000 0.000000000000000 0.000000000000000 0.000000000000000 0.000000000000000 0.000000000000000 0.000000000000000 -40.500000000000000 121.500000000000000 -121.500000000000000 40.500000000000000 0.000000000000000 0.000000000000000 0.000000000000000 0.000000000000000 0.000000000000000 -0.000000000000000 0.000000000000000 0.000000000000000 0.000000000000000 -0.000000000000000 0.000000000000000 0.000000000000000 20.250000000000000 -60.750000000000000 60.750000000000000 -20.250000000000000 0.000000000000000 0.000000000000000 0.000000000000000 0.000000000000000 0.000000000000000 0.000000000000000 -0.000000000000000 0.000000000000000 0.000000000000000 0.000000000000000 0.000000000000000 0.000000000000000 -4.500000000000000 13.500000000000000 -13.500000000000000 4.500000000000000 0.000000000000000 0.000000000000000 0.000000000000000 0.000000000000000 0.000000000000000 0.000000000000000 0.000000000000000 0.000000000000000 0.000000000000000 0.000000000000000 0.000000000000000 0.000000000000000 
30.250000000000000 -0.000000000000324 0.000000000000213 -0.000000000000051 -49.500000000000000 0.000000000000626 -0.000000000000391 0.000000000000088 24.750000000000000 -0.000000000000502 0.000000000000320 -0.000000000000069 -5.500000000000000 0.000000000000152 -0.000000000000096 0.000000000000022 -49.500000000000000 0.000000000000970 -0.000000000000632 0.000000000000153 81.000000000000000 -0.000000000001869 0.000000000001157 -0.000000000000269 -40.500000000000000 0.000000000001498 -0.000000000000944 0.000000000000212 9.000000000000000 -0.000000000000454 0.000000000000284 -0.000000000000066 24.750000000000000 -0.000000000000967 0.000000000000627 -0.000000000000155 -40.500000000000000 0.000000000001861 -0.000000000001141 0.000000000000273 20.250000000000000 -0.000000000001490 0.000000000000929 -0.000000000000217 -4.500000000000000 0.000000000000451 -0.000000000000279 0.000000000000068 -5.500000000000000 0.000000000000321 -0.000000000000207 0.000000000000052 9.000000000000000 -0.000000000000617 0.000000000000375 -0.000000000000092 -4.500000000000000 0.000000000000494 -0.000000000000304 0.000000000000074 1.000000000000000 -0.000000000000150 0.000000000000091 -0.000000000000023 
-166.375000000000000 272.250000000000000 -136.125000000000000 30.250000000000000 272.250000000000000 -445.500000000000000 222.750000000000000 -49.500000000000000 -136.125000000000000 222.750000000000000 -111.375000000000000 24.750000000000000 30.250000000000000 -49.500000000000000 24.750000000000000 -5.500000000000000 272.250000000000000 -445.500000000000000 222.750000000000000 -49.500000000000000 -445.500000000000000 729.000000000000000 -364.500000000000000 81.000000000000000 222.750000000000000 -364.500000000000000 182.250000000000000 -40.500000000000000 -49.500000000000000 81.000000000000000 -40.500000000000000 9.000000000000000 -136.125000000000000 222.750000000000000 -111.375000000000000 24.750000000000000 222.750000000000000 -364.500000000000000 182.250000000000000 -40.500000000000000 -111.375000000000000 182.250000000000000 -91.125000000000000 20.250000000000000 24.750000000000000 -40.500000000000000 20.250000000000000 -4.500000000000000 30.250000000000000 -49.500000000000000 24.750000000000000 -5.500000000000000 -49.500000000000000 81.000000000000000 -40.500000000000000 9.000000000000000 24.750000000000000 -40.500000000000000 20.250000000000000 -4.500000000000000 -5.500000000000000 9.000000000000000 -4.500000000000000 1.000000000000000 
272.250000000000000 -680.625000000000000 544.500000000000000 -136.125000000000000 -445.500000000000000 1113.750000000000000 -891.000000000000000 222.750000000000000 222.750000000000000 -556.875000000000000 445.500000000000000 -111.375000000000000 -49.500000000000000 123.750000000000000 -99.000000000000000 24.750000000000000 -445.500000000000000 1113.750000000000000 -891.000000000000000 222.750000000000000 729.000000000000000 -1822.500000000000000 1458.000000000000000 -364.500000000000000 -364.500000000000000 911.250000000000000 -729.000000000000000 182.250000000000000 81.000000000000000 -202.500000000000000 162.000000000000000 -40.500000000000000 222.750000000000000 -556.875000000000000 445.500000000000000 -111.375000000000000 -364.500000000000000 911.250000000000000 -729.000000000000000 182.250000000000000 182.250000000000000 -455.625000000000000 364.500000000000000 -91.125000000000000 -40.500000000000000 101.250000000000000 -81.000000000000000 20.250000000000000 -49.500000000000000 123.750000000000000 -99.000000000000000 24.750000000000000 81.000000000000000 -202.500000000000000 162.000000000000000 -40.500000000000000 -40.500000000000000 101.250000000000000 -81.000000000000000 20.250000000000000 9.000000000000000 -22.500000000000000 18.000000000000000 -4.500000000000000 
-136.125000000000000 408.375000000000000 -408.375000000000000 136.125000000000000 222.750000000000000 -668.250000000000000 668.250000000000000 -222.750000000000000 -111.375000000000000 334.125000000000000 -334.125000000000000 111.375000000000000 24.750000000000000 -74.250000000000000 74.250000000000000 -24.750000000000000 222.750000000000000 -668.250000000000000 668.250000000000000 -222.750000000000000 -364.500000000000000 1093.500000000000000 -1093.500000000000000 364.500000000000000 182.250000000000000 -546.750000000000000 546.750000000000000 -182.250000000000000 -40.500000000000000 121.500000000000000 -121.500000000000000 40.500000000000000 -111.375000000000000 334.125000000000000 -334.125000000000000 111.375000000000000 182.250000000000000 -546.750000000000000 546.750000000000000 -182.250000000000000 -91.125000000000000 273.375000000000000 -273.375000000000000 91.125000000000000 20.250000000000000 -60.750000000000000 60.750000000000000 -20.250000000000000 24.750000000000000 -74.250000000000000 74.250000000000000 -24.750000000000000 -40.500000000000000 121.500000000000000 -121.500000000000000 40.500000000000000 20.250000000000000 -60.750000000000000 60.750000000000000 -20.250000000000000 -4.500000000000000 13.500000000000000 -13.500000000000000 4.500000000000000 
-49.500000000000000 0.000000000000762 -0.000000000000475 0.000000000000109 123.750000000000000 -0.000000000001482 0.000000000000867 -0.000000000000184 -99.000000000000000 0.000000000001194 -0.000000000000706 0.000000000000146 24.750000000000000 -0.000000000000356 0.000000000000213 -0.000000000000045 81.000000000000000 -0.000000000002265 0.000000000001414 -0.000000000000327 -202.500000000000000 0.000000000004379 -0.000000000002567 0.000000000000557 162.000000000000000 -0.000000000003515 0.000000000002087 -0.000000000000443 -40.500000000000000 0.000000000001046 -0.000000000000628 0.000000000000137 -40.500000000000000 0.000000000002243 -0.000000000001403 0.000000000000329 101.250000000000000 -0.000000000004313 0.000000000002534 -0.000000000000561 -81.000000000000000 0.000000000003449 -0.000000000002054 0.000000000000447 20.250000000000000 -0.000000000001024 0.000000000000617 -0.000000000000138 9.000000000000000 -0.000000000000740 0.000000000000464 -0.000000000000110 -22.500000000000000 0.000000000001416 -0.000000000000834 0.000000000000189 18.000000000000000 -0.000000000001127 0.000000000000674 -0.000000000000150 -4.500000000000000 0.000000000000334 -0.000000000000202 0.000000000000047 
272.250000000000000 -445.500000000000000 222.750000000000000 -49.500000000000000 -680.625000000000000 1113.750000000000000 -556.875000000000000 123.750000000000000 544.500000000000000 -891.000000000000000 445.500000000000000 -99.000000000000000 -136.125000000000000 222.750000000000000 -111.375000000000000 24.750000000000000 -445.500000000000000 729.000000000000000 -364.500000000000000 81.000000000000000 1113.750000000000000 -1822.500000000000000 911.250000000000000 -202.500000000000000 -891.000000000000000 1458.000000000000000 -729.000000000000000 162.000000000000000 222.750000000000000 -364.500000000000000 182.250000000000000 -40.500000000000000 222.750000000000000 -364.500000000000000 182.250000000000000 -40.500000000000000 -556.875000000000000 911.250000000000000 -455.625000000000000 101.250000000000000 445.500000000000000 -729.000000000000000 364.500000000000000 -81.000000000000000 -111.375000000000000 182.250000000000000 -91.125000000000000 20.250000000000000 -49.500000000000000 81.000000000000000 -40.500000000000000 9.000000000000000 123.750000000000000 -202.500000000000000 101.250000000000000 -22.500000000000000 -99.000000000000000 162.000000000000000 -81.000000000000000 18.000000000000000 24.750000000000000 -40.500000000000000 20.250000000000000 -4.500000000000000 
-445.500000000000000 1113.750000000000000 -891.000000000000000 222.750000000000000 1113.750000000000000 -2784.375000000000000 2227.500000000000000 -556.875000000000000 -891.000000000000000 2227.500000000000000 -1782.000000000000000 445.500000000000000 222.750000000000000 -556.875000000000000 445.500000000000000 -111.375000000000000 729.000000000000000 -1822.500000000000000 1458.000000000000000 -364.500000000000000 -1822.500000000000000 4556.250000000000000 -3645.000000000000000 911.250000000000000 1458.000000000000000 -3645.000000000000000 2916.000000000000000 -729.000000000000000 -364.500000000000000 911.250000000000000 -729.000000000000000 182.250000000000000 -364.500000000000000 911.250000000000000 -729.000000000000000 182.250000000000000 911.250000000000000 -2278.125000000000000 1822.500000000000000 -455.625000000000000 -729.000000000000000 1822.500000000000000 -1458.000000000000000 364.500000000000000 182.250000000000000 -455.625000000000000 364.500000000000000 -91.125000000000000 81.000000000000000 -202.500000000000000 162.000000000000000 -40.500000000000000 -202.500000000000000 506.250000000000000 -405.000000000000000 101.250000000000000 162.000000000000000 -405.000000000000000 324.000000000000000 -81.000000000000000 -40.500000000000000 101.250000000000000 -81.000000000000000 20.250000000000000 
222.750000000000000 -668.250000000000000 668.250000000000000 -222.750000000000000 -556.875000000000000 1670.625000000000000 -1670.625000000000000 556.875000000000000 445.500000000000000 -1336.500000000000000 1336.500000000000000 -445.500000000000000 -111.375000000000000 334.125000000000000 -334.125000000000000 111.375000000000000 -364.500000000000000 1093.500000000000000 -1093.500000000000000 364.500000000000000 911.250000000000000 -2733.750000000000000 2733.750000000000000 -911.250000000000000 -729.000000000000000 2187.000000000000000 -2187.000000000000000 729.000000000000000 182.250000000000000 -546.750000000000000 546.750000000000000 -182.250000000000000 182.250000000000000 -546.750000000000000 546.750000000000000 -182.250000000000000 -455.625000000000000 1366.875000000000000 -1366.875000000000000 455.625000000000000 364.500000000000000 -1093.500000000000000 1093.500000000000000 -364.500000000000000 -91.125000000000000 273.375000000000000 -273.375000000000000 91.125000000000000 -40.500000000000000 121.500000000000000 -121.500000000000000 40.500000000000000 101.250000000000000 -303.750000000000000 303.750000000000000 -101.250000000000000 -81.000000000000000 243.000000000000000 -243.000000000000000 81.000000000000000 20.250000000000000 -60.750000000000000 60.750000000000000 -20.250000000000000 
24.750000000000000 -0.000000000000438 0.000000000000259 -0.000000000000058 -74.250000000000000 0.000000000000856 -0.000000000000466 0.000000000000096 74.250000000000000 -0.000000000000691 0.000000000000372 -0.000000000000077 -24.750000000000000 0.000000000000204 -0.000000000000113 0.000000000000023 -40.500000000000000 0.000000000001295 -0.000000000000777 0.000000000000174 121.500000000000000 -0.000000000002510 0.000000000001396 -0.000000000000288 -121.500000000000000 0.000000000002017 -0.000000000001114 0.000000000000230 40.500000000000000 -0.000000000000592 0.000000000000339 -0.000000000000070 20.250000000000000 -0.000000000001276 0.000000000000776 -0.000000000000174 -60.750000000000000 0.000000000002452 -0.000000000001393 0.000000000000288 60.750000000000000 -0.000000000001959 0.000000000001111 -0.000000000000230 -20.250000000000000 0.000000000000573 -0.000000000000338 0.000000000000070 -4.500000000000000 0.000000000000419 -0.000000000000258 0.000000000000058 13.500000000000000 -0.000000000000798 0.000000000000464 -0.000000000000096 -13.500000000000000 0.000000000000634 -0.000000000000369 0.000000000000077 4.500000000000000 -0.000000000000184 0.000000000000112 -0.000000000000023 
-136.125000000000000 222.750000000000000 -111.375000000000000 24.750000000000000 408.375000000000000 -668.250000000000000 334.125000000000000 -74.250000000000000 -408.375000000000000 668.250000000000000 -334.125000000000000 74.250000000000000 136.125000000000000 -222.750000000000000 111.375000000000000 -24.750000000000000 222.750000000000000 -364.500000000000000 182.250000000000000 -40.500000000000000 -668.250000000000000 1093.500000000000000 -546.750000000000000 121.500000000000000 668.250000000000000 -1093.500000000000000 546.750000000000000 -121.500000000000000 -222.750000000000000 364.500000000000000 -182.250000000000000 40.500000000000000 -111.375000000000000 182.250000000000000 -91.125000000000000 20.250000000000000 334.125000000000000 -546.750000000000000 273.375000000000000 -60.750000000000000 -334.125000000000000 546.750000000000000 -273.375000000000000 60.750000000000000 111.375000000000000 -182.250000000000000 91.125000000000000 -20.250000000000000 24.750000000000000 -40.500000000000000 20.250000000000000 -4.500000000000000 -74.250000000000000 121.500000000000000 -60.750000000000000 13.500000000000000 74.250000000000000 -121.500000000000000 60.750000000000000 -13.500000000000000 -24.750000000000000 40.500000000000000 -20.250000000000000 4.500000000000000 
222.750000000000000 -556.875000000000000 445.500000000000000 -111.375000000000000 -668.250000000000000 1670.625000000000000 -1336.500000000000000 334.125000000000000 668.250000000000000 -1670.625000000000000 1336.500000000000000 -334.125000000000000 -222.750000000000000 556.875000000000000 -445.500000000000000 111.375000000000000 -364.500000000000000 911.250000000000000 -729.000000000000000 182.250000000000000 1093.500000000000000 -2733.750000000000000 2187.000000000000000 -546.750000000000000 -1093.500000000000000 2733.750000000000000 -2187.000000000000000 546.750000000000000 364.500000000000000 -911.250000000000000 729.000000000000000 -182.250000000000000 182.250000000000000 -455.625000000000000 364.500000000000000 -91.125000000000000 -546.750000000000000 1366.875000000000000 -1093.500000000000000 273.375000000000000 546.750000000000000 -1366.875000000000000 1093.500000000000000 -273.375000000000000 -182.250000000000000 455.625000000000000 -364.500000000000000 91.125000000000000 -40.500000000000000 101.250000000000000 -81.000000000000000 20.250000000000000 121.500000000000000 -303.750000000000000 243.000000000000000 -60.750000000000000 -121.500000000000000 303.750000000000000 -243.000000000000000 60.750000000000000 40.500000000000000 -101.250000000000000 81.000000000000000 -20.250000000000000 
-111.375000000000000 334.125000000000000 -334.125000000000000 111.375000000000000 334.125000000000000 -1002.375000000000000 1002.375000000000000 -334.125000000000000 -334.125000000000000 1002.375000000000000 -1002.375000000000000 334.125000000000000 111.375000000000000 -334.125000000000000 334.125000000000000 -111.375000000000000 182.250000000000000 -546.750000000000000 546.750000000000000 -182.250000000000000 -546.750000000000000 1640.250000000000000 -1640.250000000000000 546.750000000000000 546.750000000000000 -1640.250000000000000 1640.250000000000000 -546.750000000000000 -182.250000000000000 546.750000000000000 -546.750000000000000 182.250000000000000 -91.125000000000000 273.375000000000000 -273.375000000000000 91.125000000000000 273.375000000000000 -820.125000000000000 820.125000000000000 -273.375000000000000 -273.375000000000000 820.125000000000000 -820.125000000000000 273.375000000000000 91.125000000000000 -273.375000000000000 273.375000000000000 -91.125000000000000 20.250000000000000 -60.750000000000000 60.750000000000000 -20.250000000000000 -60.750000000000000 182.250000000000000 -182.250000000000000 60.750000000000000 60.750000000000000 -182.250000000000000 182.250000000000000 -60.750000000000000 -20.250000000000000 60.750000000000000 -60.750000000000000 20.250000000000000 
9.000000000000000 0.000000000000000 0.000000000000000 0.000000000000000 0.000000000000000 0.000000000000000 0.000000000000000 0.000000000000000 0.000000000000000 0.000000000000000 0.000000000000000 0.000000000000000 0.000000000000000 0.000000000000000 0.000000000000000 0.000000000000000 -22.500000000000000 0.000000000000000 0.000000000000000 0.000000000000000 0.000000000000000 0.000000000000000 0.000000000000000 0.000000000000000 0.000000000000000 -0.000000000000000 0.000000000000000 0.000000000000000 0.000000000000000 -0.000000000000000 0.000000000000000 0.000000000000000 18.000000000000000 0.000000000000000 0.000000000000000 0.000000000000000 0.000000000000000 0.000000000000000 0.000000000000000 0.000000000000000 0.000000000000000 0.000000000000000 -0.000000000000000 0.000000000000000 0.000000000000000 0.000000000000000 0.000000000000000 0.000000000000000 -4.500000000000000 0.000000000000000 0.000000000000000 0.000000000000000 0.000000000000000 0.000000000000000 0.000000000000000 0.000000000000000 0.000000000000000 0.000000000000000 0.000000000000000 0.000000000000000 0.000000000000000 0.000000000000000 0.000000000000000 0.000000000000000 
-49.500000000000000 81.000000000000000 -40.500000000000000 9.000000000000000 0.000000000000000 0.000000000000000 0.000000000000000 0.000000000000000 0.000000000000000 0.000000000000000 0.000000000000000 0.000000000000000 0.000000000000000 0.000000000000000 0.000000000000000 0.000000000000000 123.750000000000000 -202.500000000000000 101.250000000000000 -22.500000000000000 0.000000000000000 0.000000000000000 0.000000000000000 0.000000000000000 0.000000000000000 -0.000000000000000 0.000000000000000 0.000000000000000 0.000000000000000 -0.000000000000000 0.000000000000000 0.000000000000000 -99.000000000000000 162.000000000000000 -81.000000000000000 18.000000000000000 0.000000000000000 0.000000000000000 0.000000000000000 0.000000000000000 0.000000000000000 0.000000000000000 -0.000000000000000 0.000000000000000 0.000000000000000 0.000000000000000 0.000000000000000 0.000000000000000 24.750000000000000 -40.500000000000000 20.250000000000000 -4.500000000000000 0.000000000000000 0.000000000000000 0.000000000000000 0.000000000000000 0.000000000000000 0.000000000000000 0.000000000000000 0.000000000000000 0.000000000000000 0.000000000000000 0.000000000000000 0.000000000000000 
81.000000000000000 -202.500000000000000 162.000000000000000 -40.500000000000000 0.000000000000000 0.000000000000000 0.000000000000000 0.000000000000000 0.000000000000000 0.000000000000000 0.000000000000000 0.000000000000000 0.000000000000000 0.000000000000000 0.000000000000000 0.000000000000000 -202.500000000000000 506.250000000000000 -405.000000000000000 101.250000000000000 0.000000000000000 0.000000000000000 0.000000000000000 0.000000000000000 0.000000000000000 0.000000000000000 0.000000000000000 0.000000000000000 0.000000000000000 -0.000000000000000 0.000000000000000 0.000000000000000 162.000000000000000 -405.000000000000000 324.000000000000000 -81.000000000000000 0.000000000000000 0.000000000000000 0.000000000000000 0.000000000000000 0.000000000000000 0.000000000000000 0.000000000000000 0.000000000000000 0.000000000000000 0.000000000000000 0.000000000000000 0.000000000000000 -40.500000000000000 101.250000000000000 -81.000000000000000 20.250000000000000 0.000000000000000 0.000000000000000 0.000000000000000 0.000000000000000 0.000000000000000 0.000000000000000 0.000000000000000 0.000000000000000 0.000000000000000 0.000000000000000 0.000000000000000 0.000000000000000 
-40.500000000000000 121.500000000000000 -121.500000000000000 40.500000000000000 0.000000000000000 0.000000000000000 0.000000000000000 0.000000000000000 0.000000000000000 0.000000000000000 0.000000000000000 0.000000000000000 0.000000000000000 0.000000000000000 0.000000000000000 0.000000000000000 101.250000000000000 -303.750000000000000 303.750000000000000 -101.250000000000000 0.000000000000000 0.000000000000000 0.000000000000000 0.000000000000000 0.000000000000000 -0.000000000000000 0.000000000000000 0.000000000000000 0.000000000000000 -0.000000000000000 0.000000000000000 0.000000000000000 -81.000000000000000 243.000000000000000 -243.000000000000000 81.000000000000000 0.000000000000000 0.000000000000000 0.000000000000000 0.000000000000000 0.000000000000000 0.000000000000000 -0.000000000000000 0.000000000000000 0.000000000000000 0.000000000000000 0.000000000000000 0.000000000000000 20.250000000000000 -60.750000000000000 60.750000000000000 -20.250000000000000 0.000000000000000 0.000000000000000 0.000000000000000 0.000000000000000 0.000000000000000 0.000000000000000 0.000000000000000 0.000000000000000 0.000000000000000 0.000000000000000 0.000000000000000 0.000000000000000 
-49.500000000000000 0.000000000001094 -0.000000000000790 0.000000000000234 81.000000000000000 -0.000000000002349 0.000000000001527 -0.000000000000363 -40.500000000000000 0.000000000001950 -0.000000000001293 0.000000000000310 9.000000000000000 -0.000000000000584 0.000000000000408 -0.000000000000109 123.750000000000000 -0.000000000003250 0.000000000002362 -0.000000000000703 -202.500000000000000 0.000000000006950 -0.000000000004557 0.000000000001088 101.250000000000000 -0.000000000005755 0.000000000003854 -0.000000000000930 -22.500000000000000 0.000000000001719 -0.000000000001216 0.000000000000328 -99.000000000000000 0.000000000003218 -0.000000000002354 0.000000000000703 162.000000000000000 -0.000000000006854 0.000000000004532 -0.000000000001088 -81.000000000000000 0.000000000005659 -0.000000000003830 0.000000000000930 18.000000000000000 -0.000000000001687 0.000000000001208 -0.000000000000328 24.750000000000000 -0.000000000001062 0.000000000000782 -0.000000000000234 -40.500000000000000 0.000000000002253 -0.000000000001503 0.000000000000363 20.250000000000000 -0.000000000001854 0.000000000001269 -0.000000000000310 -4.500000000000000 0.000000000000552 -0.000000000000400 0.000000000000109 
272.250000000000000 -445.500000000000000 222.750000000000000 -49.500000000000000 -445.500000000000000 729.000000000000000 -364.500000000000000 81.000000000000000 222.750000000000000 -364.500000000000000 182.250000000000000 -40.500000000000000 -49.500000000000000 81.000000000000000 -40.500000000000000 9.000000000000000 -680.625000000000000 1113.750000000000000 -556.875000000000000 123.750000000000000 1113.750000000000000 -1822.500000000000000 911.250000000000000 -202.500000000000000 -556.875000000000000 911.250000000000000 -455.625000000000000 101.250000000000000 123.750000000000000 -202.500000000000000 101.250000000000000 -22.500000000000000 544.500000000000000 -891.000000000000000 445.500000000000000 -99.000000000000000 -891.000000000000000 1458.000000000000000 -729.000000000000000 162.000000000000000 445.500000000000000 -729.000000000000000 364.500000000000000 -81.000000000000000 -99.000000000000000 162.000000000000000 -81.000000000000000 18.000000000000000 -136.125000000000000 222.750000000000000 -111.375000000000000 24.750000000000000 222.750000000000000 -364.500000000000000 182.250000000000000 -40.500000000000000 -111.375000000000000 182.250000000000000 -91.125000000000000 20.250000000000000 24.750000000000000 -40.500000000000000 20.250000000000000 -4.500000000000000 
-445.500000000000000 1113.750000000000000 -891.000000000000000 222.750000000000000 729.000000000000000 -1822.500000000000000 1458.000000000000000 -364.500000000000000 -364.500000000000000 911.250000000000000 -729.000000000000000 182.250000000000000 81.000000000000000 -202.500000000000000 162.000000000000000 -40.500000000000000 1113.750000000000000 -2784.375000000000000 2227.500000000000000 -556.875000000000000 -1822.500000000000000 4556.250000000000000 -3645.000000000000000 911.250000000000000 911.250000000000000 -2278.125000000000000 1822.500000000000000 -455.625000000000000 -202.500000000000000 506.250000000000000 -405.000000000000000 101.250000000000000 -891.000000000000000 2227.500000000000000 -1782.000000000000000 445.500000000000000 1458.000000000000000 -3645.000000000000000 2916.000000000000000 -729.000000000000000 -729.000000000000000 1822.500000000000000 -1458.000000000000000 364.500000000000000 162.000000000000000 -405.000000000000000 324.000000000000000 -81.000000000000000 222.750000000000000 -556.875000000000000 445.500000000000000 -111.375000000000000 -364.500000000000000 911.250000000000000 -729.000000000000000 182.250000000000000 182.250000000000000 -455.625000000000000 364.500000000000000 -91.125000000000000 -40.500000000000000 101.250000000000000 -81.000000000000000 20.250000000000000 
222.750000000000000 -668.250000000000000 668.250000000000000 -222.750000000000000 -364.500000000000000 1093.500000000000000 -1093.500000000000000 364.500000000000000 182.250000000000000 -546.750000000000000 546.750000000000000 -182.250000000000000 -40.500000000000000 121.500000000000000 -121.500000000000000 40.500000000000000 -556.875000000000000 1670.625000000000000 -1670.625000000000000 556.875000000000000 911.250000000000000 -2733.750000000000000 2733.750000000000000 -911.250000000000000 -455.625000000000000 1366.875000000000000 -1366.875000000000000 455.625000000000000 101.250000000000000 -303.750000000000000 303.750000000000000 -101.250000000000000 445.500000000000000 -1336.500000000000000 1336.500000000000000 -445.500000000000000 -729.000000000000000 2187.000000000000000 -2187.000000000000000 729.000000000000000 364.500000000000000 -1093.500000000000000 1093.500000000000000 -364.500000000000000 -81.000000000000000 243.000000000000000 -243.000000000000000 81.000000000000000 -111.375000000000000 334.125000000000000 -334.125000000000000 111.375000000000000 182.250000000000000 -546.750000000000000 546.750000000000000 -182.250000000000000 -91.125000000000000 273.375000000000000 -273.375000000000000 91.125000000000000 20.250000000000000 -60.750000000000000 60.750000000000000 -20.250000000000000 
81.000000000000000 -0.000000000002735 0.000000000001980 -0.000000000000585 -202.500000000000000 0.000000000005872 -0.000000000003831 0.000000000000906 162.000000000000000 -0.000000000004876 0.000000000003251 -0.000000000000775 -40.500000000000000 0.000000000001459 -0.000000000001025 0.000000000000273 -202.500000000000000 0.000000000008126 -0.000000000005914 0.000000000001756 506.250000000000000 -0.000000000017375 0.000000000011420 -0.000000000002719 -405.000000000000000 0.000000000014388 -0.000000000009679 0.000000000002325 101.250000000000000 -0.000000000004298 0.000000000003050 -0.000000000000820 162.000000000000000 -0.000000000008046 0.000000000005889 -0.000000000001756 -405.000000000000000 0.000000000017135 -0.000000000011345 0.000000000002719 324.000000000000000 -0.000000000014148 0.000000000009604 -0.000000000002325 -81.000000000000000 0.000000000004218 -0.000000000003025 0.000000000000820 -40.500000000000000 0.000000000002655 -0.000000000001955 0.000000000000585 101.250000000000000 -0.000000000005631 0.000000000003757 -0.000000000000906 -81.000000000000000 0.000000000004636 -0.000000000003176 0.000000000000775 20.250000000000000 -0.000000000001379 0.000000000001000 -0.000000000000273 
-445.500000000000000 729.000000000000000 -364.500000000000000 81.000000000000000 1113.750000000000000 -1822.500000000000000 911.250000000000000 -202.500000000000000 -891.000000000000000 1458.000000000000000 -729.000000000000000 162.000000000000000 222.750000000000000 -364.500000000000000 182.250000000000000 -40.500000000000000 1113.750000000000000 -1822.500000000000000 911.250000000000000 -202.500000000000000 -2784.375000000000000 4556.250000000000000 -2278.125000000000000 506.250000000000000 2227.500000000000000 -3645.000000000000000 1822.500000000000000 -405.000000000000000 -556.875000000000000 911.250000000000000 -455.625000000000000 101.250000000000000 -891.000000000000000 1458.000000000000000 -729.000000000000000 162.000000000000000 2227.500000000000000 -3645.000000000000000 1822.500000000000000 -405.000000000000000 -1782.000000000000000 2916.000000000000000 -1458.000000000000000 324.000000000000000 445.500000000000000 -729.000000000000000 364.500000000000000 -81.000000000000000 222.750000000000000 -364.500000000000000 182.250000000000000 -40.500000000000000 -556.875000000000000 911.250000000000000 -455.625000000000000 101.250000000000000 445.500000000000000 -729.000000000000000 364.500000000000000 -81.000000000000000 -111.375000000000000 182.250000000000000 -91.125000000000000 20.250000000000000 
729.000000000000000 -1822.500000000000000 1458.000000000000000 -364.500000000000000 -1822.500000000000000 4556.250000000000000 -3645.000000000000000 911.250000000000000 1458.000000000000000 -3645.000000000000000 2916.000000000000000 -729.000000000000000 -364.500000000000000 911.250000000000000 -729.000000000000000 182.250000000000000 -1822.500000000000000 4556.250000000000000 -3645.000000000000000 911.250000000000000 4556.250000000000000 -11390.625000000000000 9112.500000000000000 -2278.125000000000000 -3645.000000000000000 9112.500000000000000 -7290.000000000000000 1822.500000000000000 911.250000000000000 -2278.125000000000000 1822.500000000000000 -455.625000000000000 1458.000000000000000 -3645.000000000000000 2916.000000000000000 -729.000000000000000 -3645.000000000000000 9112.500000000000000 -7290.000000000000000 1822.500000000000000 2916.000000000000000 -7290.000000000000000 5832.000000000000000 -1458.000000000000000 -729.000000000000000 1822.500000000000000 -1458.000000000000000 364.500000000000000 -364.500000000000000 911.250000000000000 -729.000000000000000 182.250000000000000 911.250000000000000 -2278.125000000000000 1822.500000000000000 -455.625000000000000 -729.000000000000000 1822.500000000000000 -1458.000000000000000 364.500000000000000 182.250000000000000 -455.625000000000000 364.500000000000000 -91.125000000000000 
-364.500000000000000 1093.500000000000000 -1093.500000000000000 364.500000000000000 911.250000000000000 -2733.750000000000000 2733.750000000000000 -911.250000000000000 -729.000000000000000 2187.000000000000000 -2187.000000000000000 729.000000000000000 182.250000000000000 -546.750000000000000 546.750000000000000 -182.250000000000000 911.250000000000000 -2733.750000000000000 2733.750000000000000 -911.250000000000000 -2278.125000000000000 6834.375000000000000 -6834.375000000000000 2278.125000000000000 1822.500000000000000 -5467.500000000000000 5467.500000000000000 -1822.500000000000000 -455.625000000000000 1366.875000000000000 -1366.875000000000000 455.625000000000000 -729.000000000000000 2187.000000000000000 -2187.000000000000000 729.000000000000000 1822.500000000000000 -5467.500000000000000 5467.500000000000000 -1822.500000000000000 -1458.000000000000000 4374.000000000000000 -4374.000000000000000 1458.000000000000000 364.500000000000000 -1093.500000000000000 1093.500000000000000 -364.500000000000000 182.250000000000000 -546.750000000000000 546.750000000000000 -182.250000000000000 -455.625000000000000 1366.875000000000000 -1366.875000000000000 455.625000000000000 364.500000000000000 -1093.500000000000000 1093.500000000000000 -364.500000000000000 -91.125000000000000 273.375000000000000 -273.375000000000000 91.125000000000000 
-40.500000000000000 0.000000000001632 -0.000000000001181 0.000000000000348 121.500000000000000 -0.000000000003469 0.000000000002278 -0.000000000000535 -121.500000000000000 0.000000000002899 -0.000000000001924 0.000000000000456 40.500000000000000 -0.000000000000867 0.000000000000608 -0.000000000000161 101.250000000000000 -0.000000000004876 0.000000000003533 -0.000000000001054 -303.750000000000000 0.000000000010344 -0.000000000006806 0.000000000001631 303.750000000000000 -0.000000000008633 0.000000000005745 -0.000000000001395 -101.250000000000000 0.000000000002579 -0.000000000001815 0.000000000000492 -81.000000000000000 0.000000000004855 -0.000000000003524 0.000000000001063 243.000000000000000 -0.000000000010281 0.000000000006779 -0.000000000001658 -243.000000000000000 0.000000000008570 -0.000000000005717 0.000000000001422 81.000000000000000 -0.000000000002558 0.000000000001805 -0.000000000000501 20.250000000000000 -0.000000000001611 0.000000000001172 -0.000000000000357 -60.750000000000000 0.000000000003406 -0.000000000002250 0.000000000000562 60.750000000000000 -0.000000000002836 0.000000000001896 -0.000000000000483 -20.250000000000000 0.000000000000846 -0.000000000000599 0.000000000000170 
222.750000000000000 -364.500000000000000 182.250000000000000 -40.500000000000000 -668.250000000000000 1093.500000000000000 -546.750000000000000 121.500000000000000 668.250000000000000 -1093.500000000000000 546.750000000000000 -121.500000000000000 -222.750000000000000 364.500000000000000 -182.250000000000000 40.500000000000000 -556.875000000000000 911.250000000000000 -455.625000000000000 101.250000000000000 1670.625000000000000 -2733.750000000000000 1366.875000000000000 -303.750000000000000 -1670.625000000000000 2733.750000000000000 -1366.875000000000000 303.750000000000000 556.875000000000000 -911.250000000000000 455.625000000000000 -101.250000000000000 445.500000000000000 -729.000000000000000 364.500000000000000 -81.000000000000000 -1336.500000000000000 2187.000000000000000 -1093.500000000000000 243.000000000000000 1336.500000000000000 -2187.000000000000000 1093.500000000000000 -243.000000000000000 -445.500000000000000 729.000000000000000 -364.500000000000000 81.000000000000000 -111.375000000000000 182.250000000000000 -91.125000000000000 20.250000000000000 334.125000000000000 -546.750000000000000 273.375000000000000 -60.750000000000000 -334.125000000000000 546.750000000000000 -273.375000000000000 60.750000000000000 111.375000000000000 -182.250000000000000 91.125000000000000 -20.250000000000000 
-364.500000000000000 911.250000000000000 -729.000000000000000 182.250000000000000 1093.500000000000000 -2733.750000000000000 2187.000000000000000 -546.750000000000000 -1093.500000000000000 2733.750000000000000 -2187.000000000000000 546.750000000000000 364.500000000000000 -911.250000000000000 729.000000000000000 -182.250000000000000 911.250000000000000 -2278.125000000000000 1822.500000000000000 -455.625000000000000 -2733.750000000000000 6834.375000000000000 -5467.500000000000000 1366.875000000000000 2733.750000000000000 -6834.375000000000000 5467.500000000000000 -1366.875000000000000 -911.250000000000000 2278.125000000000000 -1822.500000000000000 455.625000000000000 -729.000000000000000 1822.500000000000000 -1458.000000000000000 364.500000000000000 2187.000000000000000 -5467.500000000000000 4374.000000000000000 -1093.500000000000000 -2187.000000000000000 5467.500000000000000 -4374.000000000000000 1093.500000000000000 729.000000000000000 -1822.500000000000000 1458.000000000000000 -364.500000000000000 182.250000000000000 -455.625000000000000 364.500000000000000 -91.125000000000000 -546.750000000000000 1366.875000000000000 -1093.500000000000000 273.375000000000000 546.750000000000000 -1366.875000000000000 1093.500000000000000 -273.375000000000000 -182.250000000000000 455.625000000000000 -364.500000000000000 91.125000000000000 
182.250000000000000 -546.750000000000000 546.750000000000000 -182.250000000000000 -546.750000000000000 1640.250000000000000 -1640.250000000000000 546.750000000000000 546.750000000000000 -1640.250000000000000 1640.250000000000000 -546.750000000000000 -182.250000000000000 546.750000000000000 -546.750000000000000 182.250000000000000 -455.625000000000000 1366.875000000000000 -1366.875000000000000 455.625000000000000 1366.875000000000000 -4100.625000000000000 4100.625000000000000 -1366.875000000000000 -1366.875000000000000 4100.625000000000000 -4100.625000000000000 1366.875000000000000 455.625000000000000 -1366.875000000000000 1366.875000000000000 -455.625000000000000 364.500000000000000 -1093.500000000000000 1093.500000000000000 -364.500000000000000 -1093.500000000000000 3280.500000000000000 -3280.500000000000000 1093.500000000000000 1093.500000000000000 -3280.500000000000000 3280.500000000000000 -1093.500000000000000 -364.500000000000000 1093.500000000000000 -1093.500000000000000 364.500000000000000 -91.125000000000000 273.375000000000000 -273.375000000000000 91.125000000000000 273.375000000000000 -820.125000000000000 820.125000000000000 -273.375000000000000 -273.375000000000000 820.125000000000000 -820.125000000000000 273.375000000000000 91.125000000000000 -273.375000000000000 273.375000000000000 -91.125000000000000 
-4.500000000000000 0.000000000000000 0.000000000000000 0.000000000000000 0.000000000000000 0.000000000000000 0.000000000000000 0.000000000000000 0.000000000000000 0.000000000000000 0.000000000000000 0.000000000000000 0.000000000000000 0.000000000000000 0.000000000000000 0.000000000000000 13.500000000000000 0.000000000000000 0.000000000000000 0.000000000000000 0.000000000000000 0.000000000000000 0.000000000000000 0.000000000000000 0.000000000000000 0.000000000000000 0.000000000000000 0.000000000000000 0.000000000000000 -0.000000000000000 0.000000000000000 0.000000000000000 -13.500000000000000 0.000000000000000 0.000000000000000 0.000000000000000 0.000000000000000 0.000000000000000 0.000000000000000 0.000000000000000 0.000000000000000 0.000000000000000 0.000000000000000 0.000000000000000 0.000000000000000 0.000000000000000 0.000000000000000 0.000000000000000 4.500000000000000 0.000000000000000 0.000000000000000 0.000000000000000 0.000000000000000 0.000000000000000 0.000000000000000 0.000000000000000 0.000000000000000 0.000000000000000 0.000000000000000 0.000000000000000 0.000000000000000 0.000000000000000 0.000000000000000 0.000000000000000 
24.750000000000000 -40.500000000000000 20.250000000000000 -4.500000000000000 0.000000000000000 0.000000000000000 0.000000000000000 0.000000000000000 0.000000000000000 0.000000000000000 0.000000000000000 0.000000000000000 0.000000000000000 0.000000000000000 0.000000000000000 0.000000000000000 -74.250000000000000 121.500000000000000 -60.750000000000000 13.500000000000000 0.000000000000000 0.000000000000000 0.000000000000000 0.000000000000000 0.000000000000000 0.000000000000000 0.000000000000000 0.000000000000000 0.000000000000000 -0.000000000000000 0.000000000000000 0.000000000000000 74.250000000000000 -121.500000000000000 60.750000000000000 -13.500000000000000 0.000000000000000 0.000000000000000 0.000000000000000 0.000000000000000 0.000000000000000 0.000000000000000 0.000000000000000 0.000000000000000 0.000000000000000 0.000000000000000 0.000000000000000 0.000000000000000 -24.750000000000000 40.500000000000000 -20.250000000000000 4.500000000000000 0.000000000000000 0.000000000000000 0.000000000000000 0.000000000000000 0.000000000000000 0.000000000000000 0.000000000000000 0.000000000000000 0.000000000000000 0.000000000000000 0.000000000000000 0.000000000000000 
-40.500000000000000 101.250000000000000 -81.000000000000000 20.250000000000000 0.000000000000000 0.000000000000000 0.000000000000000 0.000000000000000 0.000000000000000 0.000000000000000 0.000000000000000 0.000000000000000 0.000000000000000 0.000000000000000 0.000000000000000 0.000000000000000 121.500000000000000 -303.750000000000000 243.000000000000000 -60.750000000000000 0.000000000000000 0.000000000000000 0.000000000000000 0.000000000000000 0.000000000000000 -0.000000000000000 0.000000000000000 0.000000000000000 0.000000000000000 -0.000000000000000 0.000000000000000 0.000000000000000 -121.500000000000000 303.750000000000000 -243.000000000000000 60.750000000000000 0.000000000000000 0.000000000000000 0.000000000000000 0.000000000000000 0.000000000000000 0.000000000000000 -0.000000000000000 0.000000000000000 0.000000000000000 0.000000000000000 0.000000000000000 0.000000000000000 40.500000000000000 -101.250000000000000 81.000000000000000 -20.250000000000000 0.000000000000000 0.000000000000000 0.000000000000000 0.000000000000000 0.000000000000000 0.000000000000000 0.000000000000000 0.000000000000000 0.000000000000000 0.000000000000000 0.000000000000000 0.000000000000000 
20.250000000000000 -60.750000000000000 60.750000000000000 -20.250000000000000 0.000000000000000 0.000000000000000 0.000000000000000 0.000000000000000 0.000000000000000 0.000000000000000 0.000000000000000 0.000000000000000 0.000000000000000 0.000000000000000 0.000000000000000 0.000000000000000 -60.750000000000000 182.250000000000000 -182.250000000000000 60.750000000000000 0.000000000000000 0.000000000000000 0.000000000000000 0.000000000000000 0.000000000000000 0.000000000000000 0.000000000000000 0.000000000000000 0.000000000000000 -0.000000000000000 0.000000000000000 0.000000000000000 60.750000000000000 -182.250000000000000 182.250000000000000 -60.750000000000000 0.000000000000000 0.000000000000000 0.000000000000000 0.000000000000000 0.000000000000000 0.000000000000000 0.000000000000000 0.000000000000000 0.000000000000000 0.000000000000000 0.000000000000000 0.000000000000000 -20.250000000000000 60.750000000000000 -60.750000000000000 20.250000000000000 0.000000000000000 0.000000000000000 0.000000000000000 0.000000000000000 0.000000000000000 0.000000000000000 0.000000000000000 0.000000000000000 0.000000000000000 0.000000000000000 0.000000000000000 0.000000000000000 
24.750000000000000 -0.000000000000679 0.000000000000430 -0.000000000000099 -40.500000000000000 0.000000000001389 -0.000000000000842 0.000000000000186 20.250000000000000 -0.000000000001140 0.000000000000682 -0.000000000000149 -4.500000000000000 0.000000000000344 -0.000000000000208 0.000000000000046 -74.250000000000000 0.000000000002017 -0.000000000001287 0.000000000000297 121.500000000000000 -0.000000000004110 0.000000000002518 -0.000000000000557 -60.750000000000000 0.000000000003361 -0.000000000002037 0.000000000000448 13.500000000000000 -0.000000000001012 0.000000000000622 -0.000000000000137 74.250000000000000 -0.000000000001997 0.000000000001284 -0.000000000000297 -121.500000000000000 0.000000000004053 -0.000000000002509 0.000000000000557 60.750000000000000 -0.000000000003303 0.000000000002028 -0.000000000000448 -13.500000000000000 0.000000000000992 -0.000000000000619 0.000000000000137 -24.750000000000000 0.000000000000659 -0.000000000000427 0.000000000000099 40.500000000000000 -0.000000000001332 0.000000000000833 -0.000000000000186 -20.250000000000000 0.000000000001082 -0.000000000000673 0.000000000000149 4.500000000000000 -0.000000000000324 0.000000000000205 -0.000000000000046 
-136.125000000000000 222.750000000000000 -111.375000000000000 24.750000000000000 222.750000000000000 -364.500000000000000 182.250000000000000 -40.500000000000000 -111.375000000000000 182.250000000000000 -91.125000000000000 20.250000000000000 24.750000000000000 -40.500000000000000 20.250000000000000 -4.500000000000000 408.375000000000000 -668.250000000000000 334.125000000000000 -74.250000000000000 -668.250000000000000 1093.500000000000000 -546.750000000000000 121.500000000000000 334.125000000000000 -546.750000000000000 273.375000000000000 -60.750000000000000 -74.250000000000000 121.500000000000000 -60.750000000000000 13.500000000000000 -408.375000000000000 668.250000000000000 -334.125000000000000 74.250000000000000 668.250000000000000 -1093.500000000000000 546.750000000000000 -121.500000000000000 -334.125000000000000 546.750000000000000 -273.375000000000000 60.750000000000000 74.250000000000000 -121.500000000000000 60.750000000000000 -13.500000000000000 136.125000000000000 -222.750000000000000 111.375000000000000 -24.750000000000000 -222.750000000000000 364.500000000000000 -182.250000000000000 40.500000000000000 111.375000000000000 -182.250000000000000 91.125000000000000 -20.250000000000000 -24.750000000000000 40.500000000000000 -20.250000000000000 4.500000000000000 
222.750000000000000 -556.875000000000000 445.500000000000000 -111.375000000000000 -364.500000000000000 911.250000000000000 -729.000000000000000 182.250000000000000 182.250000000000000 -455.625000000000000 364.500000000000000 -91.125000000000000 -40.500000000000000 101.250000000000000 -81.000000000000000 20.250000000000000 -668.250000000000000 1670.625000000000000 -1336.500000000000000 334.125000000000000 1093.500000000000000 -2733.750000000000000 2187.000000000000000 -546.750000000000000 -546.750000000000000 1366.875000000000000 -1093.500000000000000 273.375000000000000 121.500000000000000 -303.750000000000000 243.000000000000000 -60.750000000000000 668.250000000000000 -1670.625000000000000 1336.500000000000000 -334.125000000000000 -1093.500000000000000 2733.750000000000000 -2187.000000000000000 546.750000000000000 546.750000000000000 -1366.875000000000000 1093.500000000000000 -273.375000000000000 -121.500000000000000 303.750000000000000 -243.000000000000000 60.750000000000000 -222.750000000000000 556.875000000000000 -445.500000000000000 111.375000000000000 364.500000000000000 -911.250000000000000 729.000000000000000 -182.250000000000000 -182.250000000000000 455.625000000000000 -364.500000000000000 91.125000000000000 40.500000000000000 -101.250000000000000 81.000000000000000 -20.250000000000000 
-111.375000000000000 334.125000000000000 -334.125000000000000 111.375000000000000 182.250000000000000 -546.750000000000000 546.750000000000000 -182.250000000000000 -91.125000000000000 273.375000000000000 -273.375000000000000 91.125000000000000 20.250000000000000 -60.750000000000000 60.750000000000000 -20.250000000000000 334.125000000000000 -1002.375000000000000 1002.375000000000000 -334.125000000000000 -546.750000000000000 1640.250000000000000 -1640.250000000000000 546.750000000000000 273.375000000000000 -820.125000000000000 820.125000000000000 -273.375000000000000 -60.750000000000000 182.250000000000000 -182.250000000000000 60.750000000000000 -334.125000000000000 1002.375000000000000 -1002.375000000000000 334.125000000000000 546.750000000000000 -1640.250000000000000 1640.250000000000000 -546.750000000000000 -273.375000000000000 820.125000000000000 -820.125000000000000 273.375000000000000 60.750000000000000 -182.250000000000000 182.250000000000000 -60.750000000000000 111.375000000000000 -334.125000000000000 334.125000000000000 -111.375000000000000 -182.250000000000000 546.750000000000000 -546.750000000000000 182.250000000000000 91.125000000000000 -273.375000000000000 273.375000000000000 -91.125000000000000 -20.250000000000000 60.750000000000000 -60.750000000000000 20.250000000000000 
-40.500000000000000 0.000000000001733 -0.000000000001110 0.000000000000256 101.250000000000000 -0.000000000003582 0.000000000002210 -0.000000000000490 -81.000000000000000 0.000000000002958 -0.000000000001835 0.000000000000399 20.250000000000000 -0.000000000000895 0.000000000000555 -0.000000000000123 121.500000000000000 -0.000000000005150 0.000000000003299 -0.000000000000769 -303.750000000000000 0.000000000010602 -0.000000000006534 0.000000000001469 243.000000000000000 -0.000000000008729 0.000000000005407 -0.000000000001197 -60.750000000000000 0.000000000002638 -0.000000000001634 0.000000000000369 -121.500000000000000 0.000000000005102 -0.000000000003266 0.000000000000769 303.750000000000000 -0.000000000010458 0.000000000006438 -0.000000000001469 -243.000000000000000 0.000000000008585 -0.000000000005310 0.000000000001197 60.750000000000000 -0.000000000002590 0.000000000001602 -0.000000000000369 40.500000000000000 -0.000000000001685 0.000000000001078 -0.000000000000256 -101.250000000000000 0.000000000003438 -0.000000000002114 0.000000000000490 81.000000000000000 -0.000000000002814 0.000000000001738 -0.000000000000399 -20.250000000000000 0.000000000000847 -0.000000000000523 0.000000000000123 
222.750000000000000 -364.500000000000000 182.250000000000000 -40.500000000000000 -556.875000000000000 911.250000000000000 -455.625000000000000 101.250000000000000 445.500000000000000 -729.000000000000000 364.500000000000000 -81.000000000000000 -111.375000000000000 182.250000000000000 -91.125000000000000 20.250000000000000 -668.250000000000000 1093.500000000000000 -546.750000000000000 121.500000000000000 1670.625000000000000 -2733.750000000000000 1366.875000000000000 -303.750000000000000 -1336.500000000000000 2187.000000000000000 -1093.500000000000000 243.000000000000000 334.125000000000000 -546.750000000000000 273.375000000000000 -60.750000000000000 668.250000000000000 -1093.500000000000000 546.750000000000000 -121.500000000000000 -1670.625000000000000 2733.750000000000000 -1366.875000000000000 303.750000000000000 1336.500000000000000 -2187.000000000000000 1093.500000000000000 -243.000000000000000 -334.125000000000000 546.750000000000000 -273.375000000000000 60.750000000000000 -222.750000000000000 364.500000000000000 -182.250000000000000 40.500000000000000 556.875000000000000 -911.250000000000000 455.625000000000000 -101.250000000000000 -445.500000000000000 729.000000000000000 -364.500000000000000 81.000000000000000 111.375000000000000 -182.250000000000000 91.125000000000000 -20.250000000000000 
-364.500000000000000 911.250000000000000 -729.000000000000000 182.250000000000000 911.250000000000000 -2278.125000000000000 1822.500000000000000 -455.625000000000000 -729.000000000000000 1822.500000000000000 -1458.000000000000000 364.500000000000000 182.250000000000000 -455.625000000000000 364.500000000000000 -91.125000000000000 1093.500000000000000 -2733.750000000000000 2187.000000000000000 -546.750000000000000 -2733.750000000000000 6834.375000000000000 -5467.500000000000000 1366.875000000000000 2187.000000000000000 -5467.500000000000000 4374.000000000000000 -1093.500000000000000 -546.750000000000000 1366.875000000000000 -1093.500000000000000 273.375000000000000 -1093.500000000000000 2733.750000000000000 -2187.000000000000000 546.750000000000000 2733.750000000000000 -6834.375000000000000 5467.500000000000000 -1366.875000000000000 -2187.000000000000000 5467.500000000000000 -4374.000000000000000 1093.500000000000000 546.750000000000000 -1366.875000000000000 1093.500000000000000 -273.375000000000000 364.500000000000000 -911.250000000000000 729.000000000000000 -182.250000000000000 -911.250000000000000 2278.125000000000000 -1822.500000000000000 455.625000000000000 729.000000000000000 -1822.500000000000000 1458.000000000000000 -364.500000000000000 -182.250000000000000 455.625000000000000 -364.500000000000000 91.125000000000000 
182.250000000000000 -546.750000000000000 546.750000000000000 -182.250000000000000 -455.625000000000000 1366.875000000000000 -1366.875000000000000 455.625000000000000 364.500000000000000 -1093.500000000000000 1093.500000000000000 -364.500000000000000 -91.125000000000000 273.375000000000000 -273.375000000000000 91.125000000000000 -546.750000000000000 1640.250000000000000 -1640.250000000000000 546.750000000000000 1366.875000000000000 -4100.625000000000000 4100.625000000000000 -1366.875000000000000 -1093.500000000000000 3280.500000000000000 -3280.500000000000000 1093.500000000000000 273.375000000000000 -820.125000000000000 820.125000000000000 -273.375000000000000 546.750000000000000 -1640.250000000000000 1640.250000000000000 -546.750000000000000 -1366.875000000000000 4100.625000000000000 -4100.625000000000000 1366.875000000000000 1093.500000000000000 -3280.500000000000000 3280.500000000000000 -1093.500000000000000 -273.375000000000000 820.125000000000000 -820.125000000000000 273.375000000000000 -182.250000000000000 546.750000000000000 -546.750000000000000 182.250000000000000 455.625000000000000 -1366.875000000000000 1366.875000000000000 -455.625000000000000 -364.500000000000000 1093.500000000000000 -1093.500000000000000 364.500000000000000 91.125000000000000 -273.375000000000000 273.375000000000000 -91.125000000000000 
20.250000000000000 -0.000000000000997 0.000000000000631 -0.000000000000141 -60.750000000000000 0.000000000002022 -0.000000000001222 0.000000000000256 60.750000000000000 -0.000000000001648 0.000000000000998 -0.000000000000202 -20.250000000000000 0.000000000000495 -0.000000000000298 0.000000000000061 -60.750000000000000 0.000000000002963 -0.000000000001873 0.000000000000424 182.250000000000000 -0.000000000005980 0.000000000003603 -0.000000000000769 -182.250000000000000 0.000000000004856 -0.000000000002931 0.000000000000606 60.750000000000000 -0.000000000001455 0.000000000000874 -0.000000000000184 60.750000000000000 -0.000000000002934 0.000000000001852 -0.000000000000424 -182.250000000000000 0.000000000005893 -0.000000000003540 0.000000000000769 182.250000000000000 -0.000000000004770 0.000000000002868 -0.000000000000606 -60.750000000000000 0.000000000001427 -0.000000000000853 0.000000000000184 -20.250000000000000 0.000000000000969 -0.000000000000610 0.000000000000141 60.750000000000000 -0.000000000001936 0.000000000001159 -0.000000000000256 -60.750000000000000 0.000000000001561 -0.000000000000935 0.000000000000202 20.250000000000000 -0.000000000000466 0.000000000000277 -0.000000000000061 
-111.375000000000000 182.250000000000000 -91.125000000000000 20.250000000000000 334.125000000000000 -546.750000000000000 273.375000000000000 -60.750000000000000 -334.125000000000000 546.750000000000000 -273.375000000000000 60.750000000000000 111.375000000000000 -182.250000000000000 91.125000000000000 -20.250000000000000 334.125000000000000 -546.750000000000000 273.375000000000000 -60.750000000000000 -1002.375000000000000 1640.250000000000000 -820.125000000000000 182.250000000000000 1002.375000000000000 -1640.250000000000000 820.125000000000000 -182.250000000000000 -334.125000000000000 546.750000000000000 -273.375000000000000 60.750000000000000 -334.125000000000000 546.750000000000000 -273.375000000000000 60.750000000000000 1002.375000000000000 -1640.250000000000000 820.125000000000000 -182.250000000000000 -1002.375000000000000 1640.250000000000000 -820.125000000000000 182.250000000000000 334.125000000000000 -546.750000000000000 273.375000000000000 -60.750000000000000 111.375000000000000 -182.250000000000000 91.125000000000000 -20.250000000000000 -334.125000000000000 546.750000000000000 -273.375000000000000 60.750000000000000 334.125000000000000 -546.750000000000000 273.375000000000000 -60.750000000000000 -111.375000000000000 182.250000000000000 -91.125000000000000 20.250000000000000 
182.250000000000000 -455.625000000000000 364.500000000000000 -91.125000000000000 -546.750000000000000 1366.875000000000000 -1093.500000000000000 273.375000000000000 546.750000000000000 -1366.875000000000000 1093.500000000000000 -273.375000000000000 -182.250000000000000 455.625000000000000 -364.500000000000000 91.125000000000000 -546.750000000000000 1366.875000000000000 -1093.500000000000000 273.375000000000000 1640.250000000000000 -4100.625000000000000 3280.500000000000000 -820.125000000000000 -1640.250000000000000 4100.625000000000000 -3280.500000000000000 820.125000000000000 546.750000000000000 -1366.875000000000000 1093.500000000000000 -273.375000000000000 546.750000000000000 -1366.875000000000000 1093.500000000000000 -273.375000000000000 -1640.250000000000000 4100.625000000000000 -3280.500000000000000 820.125000000000000 1640.250000000000000 -4100.625000000000000 3280.500000000000000 -820.125000000000000 -546.750000000000000 1366.875000000000000 -1093.500000000000000 273.375000000000000 -182.250000000000000 455.625000000000000 -364.500000000000000 91.125000000000000 546.750000000000000 -1366.875000000000000 1093.500000000000000 -273.375000000000000 -546.750000000000000 1366.875000000000000 -1093.500000000000000 273.375000000000000 182.250000000000000 -455.625000000000000 364.500000000000000 -91.125000000000000 
-91.125000000000000 273.375000000000000 -273.375000000000000 91.125000000000000 273.375000000000000 -820.125000000000000 820.125000000000000 -273.375000000000000 -273.375000000000000 820.125000000000000 -820.125000000000000 273.375000000000000 91.125000000000000 -273.375000000000000 273.375000000000000 -91.125000000000000 273.375000000000000 -820.125000000000000 820.125000000000000 -273.375000000000000 -820.125000000000000 2460.375000000000000 -2460.375000000000000 820.125000000000000 820.125000000000000 -2460.375000000000000 2460.375000000000000 -820.125000000000000 -273.375000000000000 820.125000000000000 -820.125000000000000 273.375000000000000 -273.375000000000000 820.125000000000000 -820.125000000000000 273.375000000000000 820.125000000000000 -2460.375000000000000 2460.375000000000000 -820.125000000000000 -820.125000000000000 2460.375000000000000 -2460.375000000000000 820.125000000000000 273.375000000000000 -820.125000000000000 820.125000000000000 -273.375000000000000 91.125000000000000 -273.375000000000000 273.375000000000000 -91.125000000000000 -273.375000000000000 820.125000000000000 -820.125000000000000 273.375000000000000 273.375000000000000 -820.125000000000000 820.125000000000000 -273.375000000000000 -91.125000000000000 273.375000000000000 -273.375000000000000 91.125000000000000 
