 4.78515625 -25.885416666666668 43.75 -23.333333333333329 -25.885416666666664 140.02777777777777 -236.66666666666669 126.22222222222217 43.75 -236.66666666666686 400.00000000000011 -213.33333333333326 -23.333333333333336 126.22222222222211 -213.33333333333337 113.77777777777777
 -4.78515625 51.40625 -113.75 70 25.885416666666664 -278.08333333333331 615.33333333333326 -378.66666666666663 -43.749999999999993 470 -1040 640 23.333333333333336 -250.66666666666663 554.66666666666652 -341.33333333333331
 2.87109375 -33.90625 96.25 -70 -15.53125 183.41666666666666 -520.66666666666663 378.66666666666663 26.25 -310 879.99999999999977 -640 -14 165.33333333333331 -469.33333333333331 341.33333333333331
 -0.68359374999999978 8.3854166666666679 -26.249999999999993 23.333333333333332 3.6979166666666661 -45.361111111111114 142.00000000000006 -126.2222222222222 -6.2500000000000089 76.666666666666742 -239.99999999999989 213.33333333333337 3.3333333333333339 -40.888888888888886 128.00000000000009 -113.77777777777777
 -4.78515625 25.885416666666668 -43.75 23.333333333333329 51.40625 -278.08333333333331 470 -250.66666666666663 -113.75 615.33333333333326 -1040 554.66666666666652 70 -378.66666666666663 640 -341.33333333333326
 4.78515625 -51.40625 113.75 -70 -51.40625 552.25 -1222 752 113.75 -1222 2704 -1664 -70 752 -1664 1024
 -2.87109375 33.90625 -96.25 70 30.84375 -364.25 1034 -752 -68.25 806 -2288 1664 42 -496 1408 -1024
 0.68359375000000022 -8.3854166666666679 26.249999999999993 -23.333333333333332 -7.3437500000000036 90.083333333333314 -281.99999999999994 250.66666666666666 16.25 -199.33333333333331 624 -554.66666666666663 -10.000000000000004 122.66666666666666 -384 341.33333333333331
 2.87109375 -15.531250000000002 26.25 -14 -33.90625 183.41666666666663 -310 165.33333333333331 96.25 -520.66666666666663 880 -469.33333333333326 -70 378.66666666666663 -640 341.33333333333326
 -2.87109375 30.84375 -68.25 42 33.90625 -364.25 806 -496 -96.25 1034 -2288 1408 70 -752 1664 -1024
 1.72265625 -20.34375 57.75 -42 -20.34375 240.25 -682 496 57.75 -682 1936 -1408 -42 496 -1408 1024
 -0.41015625000000022 5.0312500000000018 -15.75 14 4.8437500000000036 -59.416666666666629 186 -165.33333333333331 -13.75 168.66666666666663 -527.99999999999989 469.33333333333331 10.000000000000004 -122.66666666666666 384 -341.33333333333331
 -0.68359375 3.6979166666666679 -6.2500000000000071 3.3333333333333321 8.3854166666666643 -45.361111111111086 76.666666666666714 -40.888888888888857 -26.25 142.00000000000011 -240 127.99999999999994 23.333333333333336 -126.22222222222211 213.33333333333331 -113.77777777777777
 0.68359375 -7.3437500000000018 16.250000000000004 -10 -8.3854166666666643 90.083333333333314 -199.33333333333331 122.66666666666663 26.249999999999993 -282 624.00000000000011 -384 -23.333333333333336 250.66666666666663 -554.66666666666652 341.33333333333331
 -0.41015625 4.8437500000000018 -13.750000000000004 10 5.03125 -59.416666666666657 168.66666666666669 -122.66666666666663 -15.75 186 -527.99999999999989 384 14 -165.33333333333331 469.33333333333331 -341.33333333333331
 0.097656249999999944 -1.1979166666666679 3.7500000000000071 -3.333333333333333 -1.1979166666666679 14.694444444444429 -46.000000000000085 40.888888888888872 3.7500000000000071 -46 143.9999999999998 -128.00000000000006 -3.3333333333333339 40.888888888888886 -128.00000000000009 113.77777777777777
