 2.3208618164062487 0.91644287109374933 0.17852783203125008 -0.083312988281253067 0.91644287109374922 0.36187744140624895 0.07049560546874975 -0.03289794921875222 0.17852783203125022 0.070495605468750167 0.013732910156250264 -0.0064086914062531641 -0.083312988281248612 -0.032897949218749473 -0.0064086914062502776 0.0029907226562488898
 -1.3925170898437484 0.91644287109375022 1.6067504882812489 1.2496948242187522 -0.549865722656249 0.36187744140625044 0.63446044921874556 0.49346923828125239 -0.1071166992187481 0.07049560546874882 0.12359619140625244 0.096130371093750111 0.049987792968751533 -0.032897949218745837 -0.057678222656256106 -0.044860839843752665
 0.77362060546874967 -0.39276123046875056 -0.32135009765624956 0.41656494140624711 0.30548095703125 -0.15509033203125067 -0.12689208984374892 0.16448974609374806 0.059509277343750576 -0.030212402343749833 -0.024719238281251166 0.032043457031249112 -0.027770996093750638 0.014099121093750056 0.011535644531249112 -0.01495361328125222
 -0.17852783203124983 0.083312988281250097 0.059509277343750056 -0.059509277343749868 -0.070495605468749889 0.032897949218749875 0.02349853515625035 -0.023498535156250347 -0.013732910156249903 0.0064086914062502255 0.0045776367187498473 -0.0045776367187496669 0.0064086914062502272 -0.0029907226562499167 -0.0021362304687498335 0.0021362304687494449
 -1.3925170898437489 -0.54986572265624978 -0.10711669921874856 0.049987792968749591 0.91644287109375178 0.36187744140625105 0.070495605468751485 -0.032897949218749833 1.6067504882812522 0.63446044921875255 0.12359619140624545 -0.057678222656253109 1.2496948242187502 0.49346923828125294 0.09613037109374778 -0.044860839843745115
 0.83551025390624811 -0.54986572265624845 -0.96405029296875133 -0.74981689453125089 -0.54986572265625044 0.36187744140624833 0.63446044921875333 0.49346923828124634 -0.96405029296875155 0.63446044921875089 1.1123657226562478 0.86517333984375933 -0.74981689453125022 0.49346923828125211 0.86517333984375222 0.67291259765623668
 -0.46417236328124944 0.23565673828124883 0.19281005859374878 -0.24993896484374994 0.30548095703124967 -0.1550903320312505 -0.12689208984375294 0.16448974609374645 0.53558349609374822 -0.27191162109375161 -0.22247314453125755 0.28839111328124289 0.41656494140625222 -0.21148681640625044 -0.17303466796875888 0.22430419921876066
 0.10711669921874968 -0.049987792968749653 -0.035705566406250049 0.035705566406249792 -0.070495605468749584 0.032897949218750472 0.023498535156249264 -0.023498535156248945 -0.12359619140624994 0.057678222656249653 0.041198730468749667 -0.04119873046875 -0.096130371093749487 0.044860839843750333 0.032043457031251332 -0.032043457031246447
 0.77362060546875 0.30548095703125111 0.059509277343749702 -0.027770996093749563 -0.39276123046874994 -0.15509033203125031 -0.030212402343749375 0.014099121093752248 -0.32135009765625122 -0.12689208984375011 -0.024719238281251721 0.011535644531245115 0.41656494140624956 0.16448974609375003 0.03204345703124778 -0.014953613281248224
 -0.4641723632812485 0.30548095703125056 0.53558349609375278 0.41656494140625533 0.23565673828125014 -0.1550903320312495 -0.27191162109375078 -0.21148681640624767 0.19281005859375228 -0.12689208984374942 -0.22247314453125022 -0.17303466796875089 -0.24993896484374858 0.16448974609375389 0.28839111328124378 0.22430419921873046
 0.25787353515624889 -0.13092041015625006 -0.10711669921875215 0.13885498046874847 -0.13092041015624953 0.066467285156249459 0.054382324218751582 -0.070495605468751332 -0.10711669921874996 0.054382324218750139 0.044494628906249889 -0.057678222656257105 0.13885498046875053 -0.070495605468751554 -0.05767822265625 0.074768066406250888
 -0.059509277343749785 0.027770996093750003 0.019836425781250226 -0.0198364257812494 0.030212402343750114 -0.014099121093749696 -0.010070800781250236 0.010070800781249806 0.024719238281250226 -0.011535644531250125 -0.0082397460937501665 0.0082397460937494449 -0.032043457031249639 0.014953613281250139 0.010681152343749445 -0.010681152343748668
 -0.17852783203124986 -0.070495605468749875 -0.013732910156249717 0.0064086914062507563 0.083312988281250069 0.032897949218749931 0.0064086914062504129 -0.0029907226562496808 0.059509277343750014 0.02349853515624983 0.0045776367187495698 -0.0021362304687486677 -0.059509277343749591 -0.023498535156250458 -0.0045776367187486677 0.00213623046875
 0.10711669921875007 -0.070495605468749903 -0.12359619140625022 -0.096130371093750597 -0.049987792968749854 0.03289794921874982 0.05767822265624982 0.044860839843750777 -0.035705566406250437 0.023498535156249598 0.041198730468749223 0.032043457031250888 0.035705566406249931 -0.023498535156250111 -0.041198730468749556 -0.032043457031251776
 -0.059509277343749452 0.030212402343750097 0.02471923828124992 -0.032043457031249889 0.027770996093750056 -0.014099121093749809 -0.011535644531250472 0.014953613281249001 0.019836425781249594 -0.010070800781250416 -0.00823974609375 0.010681152343749778 -0.019836425781250003 0.010070800781250555 0.0082397460937511102 -0.010681152343751332
 0.013732910156249927 -0.0064086914062500217 -0.004577636718750026 0.0045776367187499592 -0.0064086914062499653 0.0029907226562498612 0.0021362304687500694 -0.0021362304687498751 -0.0045776367187500156 0.0021362304687499445 0.0015258789062501527 -0.00152587890625 0.0045776367187500442 -0.0021362304687500278 -0.0015258789062496669 0.0015258789062488898
 -0.059509277343752096 0.059509277343748973 0.083312988281252179 -0.17852783203124101 -0.023498535156250777 0.023498535156250638 0.03289794921874728 -0.070495605468747558 -0.0045776367187517764 0.0045776367187477796 0.0064086914062473355 -0.013732910156245115 0.0021362304687491118 -0.0021362304687424505 -0.0029907226562571054 0.0064086914062562172
 0.41656494140625522 -0.32135009765625072 -0.39276123046875899 0.77362060546873224 0.16448974609375183 -0.12689208984374434 -0.15509033203124023 0.30548095703126155 0.032043457031250444 -0.024719238281252665 -0.030212402343758882 0.059509277343767764 -0.014953613281245559 0.011535644531246447 0.014099121093758882 -0.027770996093742895
 1.2496948242187496 1.6067504882812524 0.91644287109375089 -1.3925170898437389 0.49346923828125411 0.63446044921875266 0.36187744140624956 -0.54986572265625289 0.096130371093754663 0.12359619140626377 0.070495605468757105 -0.10711669921876421 -0.044860839843734013 -0.057678222656232236 -0.032897949218744671 0.049987792968753553
 -0.083312988281248515 0.17852783203124994 0.91644287109374989 2.3208618164062504 -0.032897949218749029 0.070495605468750527 0.36187744140624922 0.91644287109375244 -0.0064086914062504441 0.013732910156246669 0.070495605468748224 0.17852783203124689 0.0029907226562486677 -0.0064086914062531086 -0.032897949218748224 -0.083312988281256217
 0.035705566406252082 -0.035705566406251554 -0.049987792968751221 0.10711669921873317 -0.023498535156253386 0.023498535156251998 0.032897949218750666 -0.070495605468749556 -0.041198730468741118 0.041198730468747335 0.057678222656253553 -0.12359619140625355 -0.032043457031250888 0.032043457031255329 0.044860839843744671 -0.096130371093739342
 -0.24993896484374747 0.19281005859374684 0.23565673828127109 -0.4641723632812178 0.16448974609376221 -0.126892089843754 -0.15509033203125 0.30548095703123845 0.28839111328126599 -0.22247314453127665 -0.27191162109373934 0.5355834960936896 0.22430419921872868 -0.17303466796878197 -0.21148681640625711 0.41656494140623579
 -0.74981689453125122 -0.96405029296875211 -0.54986572265626488 0.83551025390622646 0.49346923828124867 0.634460449218754 0.36187744140624867 -0.5498657226562349 0.86517333984375444 1.1123657226562518 0.63446044921875 -0.96405029296870737 0.67291259765625355 0.86517333984373224 0.49346923828120737 -0.74981689453122158
 0.049987792968749292 -0.10711669921874914 -0.54986572265624523 -1.3925170898437425 -0.032897949218748279 0.070495605468752554 0.361877441406252 0.91644287109374556 -0.057678222656253553 0.12359619140625622 0.63446044921875266 1.6067504882812571 -0.044860839843756217 0.096130371093755329 0.49346923828126421 1.24969482421875
 -0.01983642578125008 0.019836425781252671 0.027770996093754483 -0.059509277343741326 0.010070800781249056 -0.010070800781251776 -0.014099121093751998 0.030212402343742895 0.0082397460937468914 -0.0082397460937424505 -0.011535644531255329 0.024719238281237566 -0.010681152343757105 0.010681152343746447 0.014953613281241118 -0.032043457031246447
 0.13885498046875649 -0.10711669921874864 -0.13092041015624575 0.25787353515624079 -0.070495605468756883 0.05438232421874023 0.066467285156241118 -0.13092041015622602 -0.057678222656242895 0.04449462890626954 0.054382324218718026 -0.10711669921874645 0.074768066406257105 -0.057678222656253553 -0.070495605468785527 0.13885498046875
 0.41656494140624989 0.53558349609375189 0.30548095703126671 -0.4641723632812319 -0.21148681640624512 -0.27191162109374289 -0.15509033203123979 0.23565673828125355 -0.17303466796873845 -0.22247314453125711 -0.12689208984374289 0.19281005859376776 0.22430419921874467 0.28839111328124645 0.16448974609375 -0.24993896484367895
 -0.027770996093749396 0.059509277343750236 0.30548095703124917 0.77362060546874434 0.014099121093749889 -0.030212402343747002 -0.15509033203124822 -0.39276123046874267 0.011535644531250888 -0.024719238281246891 -0.12689208984374289 -0.32135009765624112 -0.014953613281247335 0.032043457031257105 0.16448974609373757 0.41656494140625711
 0.0045776367187508283 -0.0045776367187491361 -0.0064086914062496288 0.013732910156248616 -0.0021362304687494726 0.0021362304687505551 0.0029907226562505551 -0.006408691406250111 -0.0015258789062507772 0.0015258789062508882 0.0021362304687508882 -0.0045776367187495559 0.0015258789062517764 -0.0015258789062486677 -0.00213623046875 0.0045776367187491118
 -0.032043457031251166 0.024719238281249507 0.030212402343752824 -0.059509277343744019 0.014953613281251055 -0.011535644531250999 -0.01409912109375111 0.027770996093749778 0.01068115234375111 -0.0082397460937464473 -0.010070800781249112 0.019836425781242895 -0.010681152343752665 0.0082397460937535527 0.010070800781258882 -0.019836425781242895
 -0.096130371093749556 -0.1235961914062501 -0.070495605468751901 0.10711669921874525 0.044860839843750111 0.057678222656249112 0.032897949218752442 -0.049987792968746669 0.03204345703125222 0.041198730468745115 0.023498535156254441 -0.03570556640625 -0.032043457031249112 -0.041198730468755329 -0.023498535156260658 0.035705566406239342
 0.00640869140624983 -0.013732910156250196 -0.070495605468749611 -0.17852783203124853 -0.0029907226562501665 0.0064086914062492784 0.032897949218749167 0.083312988281249001 -0.0021362304687503331 0.00457763671875 0.023498535156250222 0.059509277343749112 0.0021362304687495559 -0.0045776367187504441 -0.023498535156249112 -0.059509277343751776
 -0.059509277343750472 -0.0234985351562505 -0.0045776367187535527 0.00213623046874023 0.05950927734374975 0.023498535156251416 0.0045776367187504441 -0.0021362304687513323 0.083312988281250222 0.032897949218749056 0.0064086914062557732 -0.0029907226562420064 -0.178527832031246 -0.070495605468753553 -0.013732910156246891 0.0064086914062553291
 0.035705566406253067 -0.0234985351562505 -0.041198730468749556 -0.032043457031250888 -0.03570556640624941 0.023498535156254552 0.041198730468756217 0.032043457031242895 -0.049987792968749924 0.032897949218744227 0.057678222656245559 0.044860839843739342 0.10711669921874116 -0.070495605468746003 -0.12359619140626421 -0.096130371093785527
 -0.019836425781250333 0.010070800781248335 0.0082397460937528866 -0.010681152343751776 0.01983642578124898 -0.01007080078125111 -0.0082397460937406741 0.010681152343753553 0.027770996093749688 -0.014099121093745781 -0.011535644531241118 0.014953613281283751 -0.059509277343747724 0.030212402343740452 0.024719238281260658 -0.032043457031246447
 0.004577636718750739 -0.0021362304687495837 -0.001525878906250222 0.00152587890625 -0.0045776367187496583 0.0021362304687504718 0.0015258789062504441 -0.0015258789062535527 -0.0064086914062499913 0.0029907226562523315 0.0021362304687515543 -0.0021362304687508882 0.013732910156249171 -0.0064086914062488898 -0.0045776367187486677 0.0045776367187446709
 0.41656494140625305 0.16448974609375328 0.03204345703125977 -0.014953613281250888 -0.32135009765624989 -0.12689208984373601 -0.024719238281231348 0.011535644531244671 -0.39276123046875733 -0.15509033203123646 -0.030212402343738454 0.014099121093741118 0.77362060546875899 0.30548095703126865 0.059509277343764211 -0.027770996093739342
 -0.24993896484374881 0.16448974609376354 0.28839111328124467 0.22430419921873579 0.19281005859375694 -0.12689208984374734 -0.22247314453127842 -0.17303466796877487 0.23565673828127731 -0.15509033203123401 -0.27191162109372868 -0.21148681640619316 -0.46417236328122002 0.30548095703125533 0.53558349609372158 0.41656494140626421
 0.138854980468752 -0.070495605468748224 -0.057678222656242006 0.074768066406271316 -0.10711669921874946 0.054382324218746891 0.044494628906237566 -0.057678222656253553 -0.13092041015625289 0.066467285156246891 0.054382324218728684 -0.070495605468806843 0.25787353515622996 -0.13092041015624556 -0.10711669921877842 0.13885498046872158
 -0.032043457031250513 0.014953613281248168 0.010681152343748446 -0.010681152343757994 0.024719238281250867 -0.011535644531250222 -0.0082397460937482236 0.0082397460937428946 0.030212402343751742 -0.01409912109374889 -0.010070800781242006 0.010070800781253553 -0.059509277343747516 0.027770996093743117 0.01983642578125 -0.019836425781257105
 1.2496948242187453 0.49346923828124473 0.096130371093737121 -0.044860839843753553 1.6067504882812458 0.63446044921874423 0.12359619140625222 -0.057678222656246447 0.91644287109375111 0.36187744140623601 0.070495605468739342 -0.032897949218758882 -1.3925170898437453 -0.54986572265625755 -0.10711669921875178 0.049987792968778422
 -0.74981689453124489 0.49346923828124978 0.86517333984374645 0.67291259765626066 -0.96405029296874878 0.63446044921875711 1.11236572265625 0.86517333984376066 -0.54986572265624845 0.361877441406246 0.63446044921873934 0.49346923828122868 0.83551025390623168 -0.54986572265623224 -0.96405029296874289 -0.74981689453126421
 0.41656494140624978 -0.21148681640625044 -0.17303466796874645 0.22430419921875533 0.53558349609374967 -0.27191162109374822 -0.22247314453126066 0.28839111328125 0.3054809570312581 -0.15509033203124467 -0.12689208984374289 0.16448974609377132 -0.46417236328123834 0.23565673828125355 0.19281005859376066 -0.24993896484370737
 -0.096130371093749292 0.044860839843751443 0.032043457031251998 -0.032043457031249112 -0.12359619140625049 0.057678222656248557 0.041198730468753109 -0.041198730468746447 -0.070495605468751277 0.032897949218750888 0.023498535156244671 -0.023498535156258882 0.10711669921874604 -0.049987792968745337 -0.035705566406248224 0.035705566406242895
 -0.083312988281250749 -0.032897949218749251 -0.006408691406250111 0.0029907226562517764 0.17852783203125031 0.070495605468750722 0.013732910156253331 -0.0064086914062468914 0.91644287109374745 0.36187744140624833 0.070495605468748224 -0.032897949218754441 2.3208618164062482 0.91644287109375255 0.17852783203124156 -0.083312988281255329
 0.049987792968750208 -0.032897949218749167 -0.05767822265624889 -0.044860839843752665 -0.10711669921875075 0.070495605468749778 0.12359619140625888 0.096130371093744671 -0.54986572265625067 0.36187744140625111 0.63446044921875089 0.49346923828126421 -1.3925170898437476 0.91644287109375555 1.6067504882812571 1.2496948242187713
 -0.02777099609375035 0.01409912109375 0.011535644531252665 -0.014953613281248224 0.059509277343748793 -0.030212402343749778 -0.024719238281250888 0.032043457031244671 0.30548095703124828 -0.15509033203124845 -0.12689208984375266 0.16448974609374289 0.77362060546874445 -0.39276123046874911 -0.32135009765625178 0.41656494140625355
 0.0064086914062497086 -0.0029907226562502498 -0.0021362304687503331 0.0021362304687491118 -0.013732910156249925 0.0064086914062503886 0.0045776367187517764 -0.0045776367187486677 -0.070495605468749917 0.032897949218750167 0.023498535156251998 -0.023498535156245559 -0.1785278320312492 0.083312988281248779 0.059509277343749112 -0.059509277343748224
 0.0015258789062579936 -0.0015258789062473355 -0.0021362304687606581 0.0045776367187535527 -0.0015258789062473355 0.0015258789062588818 0.0021362304687357891 -0.0045776367187180256 -0.0021362304687322364 0.0021362304687642109 0.0029907226562713163 -0.0064086914062428946 0.0045776367187535527 -0.0045776367187322364 -0.0064086914062357891 0.013732910156178946
 -0.010681152343726907 0.008239746093774869 0.010070800781271316 -0.019836425781186051 0.010681152343774869 -0.0082397460937428946 -0.010070800781242895 0.019836425781235789 0.014953613281278422 -0.011535644531228684 -0.014099121093707367 0.027770996093892109 -0.032043457031228684 0.024719238281207367 0.030212402343863687 -0.05950927734357947
 -0.032043457031239342 -0.041198730468739342 -0.023498535156257105 0.035705566406278422 0.032043457031246447 0.041198730468792633 0.023498535156228684 -0.035705566406193157 0.044860839843771316 0.057678222656242895 0.032897949218735789 -0.049987792968721578 -0.096130371093700262 -0.12359619140619316 -0.070495605468778422 0.10711669921863631
 0.0021362304687531086 -0.0045776367187482236 -0.023498535156246447 -0.059509277343753553 -0.0021362304687508882 0.0045776367187446709 0.02349853515625 0.05950927734375 -0.0029907226562482236 0.00640869140625 0.032897949218757105 0.083312988281257105 0.0064086914062428946 -0.013732910156242895 -0.070495605468728684 -0.17852783203117895
 -0.010681152343751776 0.010681152343764211 0.014953613281257105 -0.032043457031221578 0.00823974609375 -0.0082397460937571054 -0.011535644531242895 0.024719238281292633 0.010070800781257105 -0.010070800781200262 -0.01409912109375 0.030212402343778422 -0.019836425781207367 0.019836425781321054 0.027770996093863687 -0.059509277343522626
 0.074768066406200262 -0.057678222656306843 -0.070495605468707367 0.13885498046869316 -0.057678222656264211 0.044494628906207367 0.054382324218636313 -0.10711669921892053 -0.070495605468707367 0.054382324218806843 0.066467285156022626 -0.13092041015653422 0.13885498046875 -0.10711669921880684 -0.1309204101566479 0.25787353515556788
 0.22430419921877842 0.28839111328119316 0.16448974609367895 -0.24993896484372158 -0.17303466796879263 -0.22247314453120737 -0.12689208984380684 0.19281005859375 -0.21148681640630684 -0.27191162109377842 -0.15509033203119316 0.23565673828147737 0.41656494140616473 0.53558349609369316 0.30548095703130684 -0.46417236328090894
 -0.014953613281251776 0.03204345703125 0.16448974609375711 0.41656494140624289 0.011535644531253553 -0.024719238281278422 -0.12689208984371447 -0.32135009765627842 0.014099121093757105 -0.030212402343735789 -0.15509033203126421 -0.39276123046880684 -0.027770996093757105 0.059509277343721578 0.30548095703116473 0.77362060546860789
 -0.032043457031248224 0.032043457031232236 0.044860839843735789 -0.096130371093757105 -0.041198730468774869 0.041198730468714473 0.057678222656235789 -0.12359619140629263 -0.023498535156235789 0.023498535156264211 0.032897949218721578 -0.070495605468892109 0.035705566406221578 -0.035705566406235789 -0.049987792968835265 0.10711669921863631
 0.22430419921875711 -0.17303466796876421 -0.21148681640625 0.41656494140616473 0.28839111328125 -0.22247314453125 -0.27191162109377842 0.53558349609369316 0.16448974609376421 -0.12689208984375 -0.15509033203113631 0.30548095703142053 -0.24993896484389211 0.19281005859369316 0.23565673828142053 -0.46417236328068157
 0.67291259765625 0.86517333984374289 0.49346923828126421 -0.74981689453116473 0.86517333984376421 1.1123657226562784 0.63446044921877842 -0.96405029296869316 0.49346923828127842 0.63446044921880684 0.36187744140619316 -0.54986572265630684 -0.74981689453116473 -0.96405029296869316 -0.54986572265630684 0.83551025390602263
 -0.04486083984375 0.096130371093753553 0.49346923828125 1.24969482421875 -0.057678222656246447 0.12359619140625711 0.63446044921876421 1.6067504882812642 -0.032897949218742895 0.070495605468771316 0.36187744140629263 0.91644287109386369 0.049987792968735789 -0.10711669921875 -0.54986572265619316 -1.3925170898436079
 0.0021362304687513323 -0.00213623046875 -0.00299072265625 0.0064086914062571054 -0.0045776367187464473 0.0045776367187535527 0.0064086914062535527 -0.013732910156257105 -0.02349853515625 0.023498535156253553 0.032897949218764211 -0.070495605468728684 -0.05950927734375 0.059509277343735789 0.083312988281271316 -0.17852783203123579
 -0.014953613281255329 0.011535644531257105 0.01409912109375 -0.027770996093771316 0.032043457031253553 -0.024719238281235789 -0.030212402343735789 0.059509277343735789 0.16448974609377132 -0.12689208984372158 -0.15509033203127842 0.30548095703116473 0.41656494140627132 -0.32135009765622158 -0.39276123046880684 0.77362060546866473
 -0.04486083984375 -0.057678222656242895 -0.03289794921875 0.049987792968735789 0.096130371093757105 0.12359619140625711 0.070495605468742895 -0.10711669921876421 0.49346923828125 0.63446044921872868 0.36187744140625 -0.54986572265625 1.2496948242187429 1.60675048828125 0.91644287109375 -1.3925170898436079
 0.00299072265625 -0.0064086914062482236 -0.032897949218746447 -0.083312988281253553 -0.0064086914062455591 0.013732910156251776 0.07049560546875 0.17852783203125 -0.032897949218746447 0.07049560546875 0.36187744140625 0.91644287109373579 -0.08331298828125 0.17852783203126066 0.91644287109374289 2.3208618164062216
